# basemul_k vectors: a line, b line, product line.
# All three in Montgomery-domain NTT representation, canonical [0,q).
0 0 0 0 0 0 0 0 0 0 0 0 0 0 0 0 0 0 0 0 0 0 0 0 0 0 0 0 0 0 0 0 0 0 0 0 0 0 0 0 0 0 0 0 0 0 0 0 0 0 0 0 0 0 0 0 0 0 0 0 0 0 0 0 0 0 0 0 0 0 0 0 0 0 0 0 0 0 0 0 0 0 0 0 0 0 0 0 0 0 0 0 0 0 0 0 0 0 0 0 0 0 0 0 0 0 0 0 0 0 0 0 0 0 0 0 0 0 0 0 0 0 0 0 0 0 0 0 0 0 0 0 0 0 0 0 0 0 0 0 0 0 0 0 0 0 0 0 0 0 0 0 0 0 0 0 0 0 0 0 0 0 0 0 0 0 0 0 0 0 0 0 0 0 0 0 0 0 0 0 0 0 0 0 0 0 0 0 0 0 0 0 0 0 0 0 0 0 0 0 0 0 0 0 0 0 0 0 0 0 0 0 0 0 0 0 0 0 0 0 0 0 0 0 0 0 0 0 0 0 0 0 0 0 0 0 0 0 0 0 0 0 0 0 0 0 0 0 0 0 0 0 0 0 0 0
0 0 0 0 0 0 0 0 0 0 0 0 0 0 0 0 0 0 0 0 0 0 0 0 0 0 0 0 0 0 0 0 0 0 0 0 0 0 0 0 0 0 0 0 0 0 0 0 0 0 0 0 0 0 0 0 0 0 0 0 0 0 0 0 0 0 0 0 0 0 0 0 0 0 0 0 0 0 0 0 0 0 0 0 0 0 0 0 0 0 0 0 0 0 0 0 0 0 0 0 0 0 0 0 0 0 0 0 0 0 0 0 0 0 0 0 0 0 0 0 0 0 0 0 0 0 0 0 0 0 0 0 0 0 0 0 0 0 0 0 0 0 0 0 0 0 0 0 0 0 0 0 0 0 0 0 0 0 0 0 0 0 0 0 0 0 0 0 0 0 0 0 0 0 0 0 0 0 0 0 0 0 0 0 0 0 0 0 0 0 0 0 0 0 0 0 0 0 0 0 0 0 0 0 0 0 0 0 0 0 0 0 0 0 0 0 0 0 0 0 0 0 0 0 0 0 0 0 0 0 0 0 0 0 0 0 0 0 0 0 0 0 0 0 0 0 0 0 0 0 0 0 0 0 0 0
0 0 0 0 0 0 0 0 0 0 0 0 0 0 0 0 0 0 0 0 0 0 0 0 0 0 0 0 0 0 0 0 0 0 0 0 0 0 0 0 0 0 0 0 0 0 0 0 0 0 0 0 0 0 0 0 0 0 0 0 0 0 0 0 0 0 0 0 0 0 0 0 0 0 0 0 0 0 0 0 0 0 0 0 0 0 0 0 0 0 0 0 0 0 0 0 0 0 0 0 0 0 0 0 0 0 0 0 0 0 0 0 0 0 0 0 0 0 0 0 0 0 0 0 0 0 0 0 0 0 0 0 0 0 0 0 0 0 0 0 0 0 0 0 0 0 0 0 0 0 0 0 0 0 0 0 0 0 0 0 0 0 0 0 0 0 0 0 0 0 0 0 0 0 0 0 0 0 0 0 0 0 0 0 0 0 0 0 0 0 0 0 0 0 0 0 0 0 0 0 0 0 0 0 0 0 0 0 0 0 0 0 0 0 0 0 0 0 0 0 0 0 0 0 0 0 0 0 0 0 0 0 0 0 0 0 0 0 0 0 0 0 0 0 0 0 0 0 0 0 0 0 0 0 0 0
1 0 1 0 1 0 1 0 1 0 1 0 1 0 1 0 1 0 1 0 1 0 1 0 1 0 1 0 1 0 1 0 1 0 1 0 1 0 1 0 1 0 1 0 1 0 1 0 1 0 1 0 1 0 1 0 1 0 1 0 1 0 1 0 1 0 1 0 1 0 1 0 1 0 1 0 1 0 1 0 1 0 1 0 1 0 1 0 1 0 1 0 1 0 1 0 1 0 1 0 1 0 1 0 1 0 1 0 1 0 1 0 1 0 1 0 1 0 1 0 1 0 1 0 1 0 1 0 1 0 1 0 1 0 1 0 1 0 1 0 1 0 1 0 1 0 1 0 1 0 1 0 1 0 1 0 1 0 1 0 1 0 1 0 1 0 1 0 1 0 1 0 1 0 1 0 1 0 1 0 1 0 1 0 1 0 1 0 1 0 1 0 1 0 1 0 1 0 1 0 1 0 1 0 1 0 1 0 1 0 1 0 1 0 1 0 1 0 1 0 1 0 1 0 1 0 1 0 1 0 1 0 1 0 1 0 1 0 1 0 1 0 1 0 1 0 1 0 1 0 1 0 1 0 1 0
1 0 1 0 1 0 1 0 1 0 1 0 1 0 1 0 1 0 1 0 1 0 1 0 1 0 1 0 1 0 1 0 1 0 1 0 1 0 1 0 1 0 1 0 1 0 1 0 1 0 1 0 1 0 1 0 1 0 1 0 1 0 1 0 1 0 1 0 1 0 1 0 1 0 1 0 1 0 1 0 1 0 1 0 1 0 1 0 1 0 1 0 1 0 1 0 1 0 1 0 1 0 1 0 1 0 1 0 1 0 1 0 1 0 1 0 1 0 1 0 1 0 1 0 1 0 1 0 1 0 1 0 1 0 1 0 1 0 1 0 1 0 1 0 1 0 1 0 1 0 1 0 1 0 1 0 1 0 1 0 1 0 1 0 1 0 1 0 1 0 1 0 1 0 1 0 1 0 1 0 1 0 1 0 1 0 1 0 1 0 1 0 1 0 1 0 1 0 1 0 1 0 1 0 1 0 1 0 1 0 1 0 1 0 1 0 1 0 1 0 1 0 1 0 1 0 1 0 1 0 1 0 1 0 1 0 1 0 1 0 1 0 1 0 1 0 1 0 1 0 1 0 1 0 1 0
169 0 169 0 169 0 169 0 169 0 169 0 169 0 169 0 169 0 169 0 169 0 169 0 169 0 169 0 169 0 169 0 169 0 169 0 169 0 169 0 169 0 169 0 169 0 169 0 169 0 169 0 169 0 169 0 169 0 169 0 169 0 169 0 169 0 169 0 169 0 169 0 169 0 169 0 169 0 169 0 169 0 169 0 169 0 169 0 169 0 169 0 169 0 169 0 169 0 169 0 169 0 169 0 169 0 169 0 169 0 169 0 169 0 169 0 169 0 169 0 169 0 169 0 169 0 169 0 169 0 169 0 169 0 169 0 169 0 169 0 169 0 169 0 169 0 169 0 169 0 169 0 169 0 169 0 169 0 169 0 169 0 169 0 169 0 169 0 169 0 169 0 169 0 169 0 169 0 169 0 169 0 169 0 169 0 169 0 169 0 169 0 169 0 169 0 169 0 169 0 169 0 169 0 169 0 169 0 169 0 169 0 169 0 169 0 169 0 169 0 169 0 169 0 169 0 169 0 169 0 169 0 169 0 169 0 169 0 169 0 169 0 169 0 169 0 169 0 169 0 169 0 169 0 169 0
2913 2913 2959 2959 509 509 593 593 286 286 57 57 2190 2190 2623 2623 1168 1168 691 691 1706 1706 469 469 492 492 1991 1991 624 624 2561 2561 2719 2719 2191 2191 907 907 10 10 2174 2174 850 850 1808 1808 1508 1508 1045 1045 365 365 2915 2915 3062 3062 930 930 117 117 214 214 479 479 2175 2175 2739 2739 1033 1033 3196 3196 2166 2166 105 105 1523 1523 2321 2321 1825 1825 2050 2050 3315 3315 255 255 643 643 2992 2992 1869 1869 161 161 2967 2967 1622 1622 2886 2886 594 594 2233 2233 680 680 2601 2601 1707 1707 1046 1046 2177 2177 818 818 2637 2637 2157 2157 198 198 1987 1987 1203 1203 2124 2124 1340 1340 3129 3129 1170 1170 690 690 2509 2509 1150 1150 2281 2281 1620 1620 726 726 2647 2647 1094 1094 2733 2733 441 441 1705 1705 360 360 3166 3166 1458 1458 335 335 2684 2684 3072 3072 12 12 1277 1277 1502 1502 1006 1006 1804 1804 3222 3222 1161 1161 131 131 2294 2294 588 588 1152 1152 2848 2848 3113 3113 3210 3210 2397 2397 265 265 412 412 2962 2962 2282 2282 1819 1819 1519 1519 2477 2477 1153 1153 3317 3317 2420 2420 1136 1136 608 608 766 766 2703 2703 1336 1336 2835 2835 2858 2858 1621 1621 2636 2636 2159 2159 704 704 1137 1137 3270 3270 3041 3041 2734 2734 2818 2818 368 368 414 414
2913 2913 2959 2959 509 509 593 593 286 286 57 57 2190 2190 2623 2623 1168 1168 691 691 1706 1706 469 469 492 492 1991 1991 624 624 2561 2561 2719 2719 2191 2191 907 907 10 10 2174 2174 850 850 1808 1808 1508 1508 1045 1045 365 365 2915 2915 3062 3062 930 930 117 117 214 214 479 479 2175 2175 2739 2739 1033 1033 3196 3196 2166 2166 105 105 1523 1523 2321 2321 1825 1825 2050 2050 3315 3315 255 255 643 643 2992 2992 1869 1869 161 161 2967 2967 1622 1622 2886 2886 594 594 2233 2233 680 680 2601 2601 1707 1707 1046 1046 2177 2177 818 818 2637 2637 2157 2157 198 198 1987 1987 1203 1203 2124 2124 1340 1340 3129 3129 1170 1170 690 690 2509 2509 1150 1150 2281 2281 1620 1620 726 726 2647 2647 1094 1094 2733 2733 441 441 1705 1705 360 360 3166 3166 1458 1458 335 335 2684 2684 3072 3072 12 12 1277 1277 1502 1502 1006 1006 1804 1804 3222 3222 1161 1161 131 131 2294 2294 588 588 1152 1152 2848 2848 3113 3113 3210 3210 2397 2397 265 265 412 412 2962 2962 2282 2282 1819 1819 1519 1519 2477 2477 1153 1153 3317 3317 2420 2420 1136 1136 608 608 766 766 2703 2703 1336 1336 2835 2835 2858 2858 1621 1621 2636 2636 2159 2159 704 704 1137 1137 3270 3270 3041 3041 2734 2734 2818 2818 368 368 414 414
1608 2398 542 2429 2296 33 2769 2075 3159 3032 2213 2921 3129 1947 1725 665 3226 1264 2515 1987 1921 1210 2320 261 645 799 629 129 1587 402 96 18 398 180 2840 1320 935 637 561 510 3148 716 553 2876 2803 906 1189 822 1911 1575 2193 1996 476 590 17 380 1479 65 2499 2901 1621 2527 784 2003 2030 2589 1273 953 1844 2235 1650 3327 3138 81 170 1299 107 1328 2188 5 950 3294 1116 648 1594 2997 28 392 1949 1000 2232 2952 1187 1975 524 2699 1344 527 1921 2970 1908 1837 1504 472 1910 2839 1447 1308 1384 1102 690 2970 3259 2585 1822 1705 1816 1639 2515 52 2409 2394 1876 1532 685 1537 516 40 2144 3296 2986 2810 3240 931 3115 477 1459 1269 2846 370 2732 196 1954 3304 135 1860 2624 253 2401 3216 728 475 915 2623 2726 144 499 126 325 1818 179 2009 287 175 1468 1424 1194 2819 3305 288 2793 2066 2728 543 267 1928 572 102 1670 1125 1917 1464 3270 345 2301 1300 1738 2023 2589 256 1588 1705 2351 1808 485 255 2371 2645 1654 415 3296 280 924 1486 3263 807 3259 942 2599 313 615 3188 3241 1594 2030 1809 1339 2066 2207 3181 3227 2094 1510 2404 928 1682 1304 3165 2305 152 1013 1535 456 3191 690 2077 918 2122 1168 477 1192 2928 2840 1369 1473 1441 760 1563 1504 2874 840 450 773 2891 704 590
0 2154 0 1175 0 885 0 2444 0 2935 0 394 0 2110 0 1219 0 1029 0 2300 0 1874 0 1455 0 1212 0 2117 0 1722 0 1607 0 886 0 2443 0 2775 0 554 0 2150 0 1179 0 1143 0 2186 0 1026 0 2303 0 403 0 2926 0 1092 0 2237 0 2804 0 525 0 2594 0 735 0 2466 0 863 0 561 0 2768 0 2099 0 1230 0 757 0 2572 0 2773 0 556 0 319 0 3010 0 1063 0 2266 0 1645 0 1684 0 2090 0 1239 0 2549 0 780 0 375 0 2954 0 3220 0 109 0 2037 0 1292 0 2298 0 1031 0 1584 0 1745 0 641 0 2688 0 268 0 3061 0 2337 0 992 0 733 0 2596 0 2388 0 941 0 2437 0 892 0 2308 0 1021 0 939 0 2390 0 2687 0 642 0 1461 0 1868 0 952 0 2377 0 1847 0 1482 0 1789 0 1540 0 2789 0 540 0 1651 0 1678 0 1703 0 1626 0 3050 0 279 0 3015 0 314 0 2156 0 1173 0 756 0 2573 0 233 0 3096 0 3281 0 48 0 2662 0 667 0 1409 0 1920 0 1100 0 2229 0 2288 0 1041 0 723 0 2606 0 1637 0 1692 0 2649 0 680 0 583 0 2746 0 2761 0 568 0 17 0 3312
0 2154 0 1175 0 885 0 2444 0 2935 0 394 0 2110 0 1219 0 1029 0 2300 0 1874 0 1455 0 1212 0 2117 0 1722 0 1607 0 886 0 2443 0 2775 0 554 0 2150 0 1179 0 1143 0 2186 0 1026 0 2303 0 403 0 2926 0 1092 0 2237 0 2804 0 525 0 2594 0 735 0 2466 0 863 0 561 0 2768 0 2099 0 1230 0 757 0 2572 0 2773 0 556 0 319 0 3010 0 1063 0 2266 0 1645 0 1684 0 2090 0 1239 0 2549 0 780 0 375 0 2954 0 3220 0 109 0 2037 0 1292 0 2298 0 1031 0 1584 0 1745 0 641 0 2688 0 268 0 3061 0 2337 0 992 0 733 0 2596 0 2388 0 941 0 2437 0 892 0 2308 0 1021 0 939 0 2390 0 2687 0 642 0 1461 0 1868 0 952 0 2377 0 1847 0 1482 0 1789 0 1540 0 2789 0 540 0 1651 0 1678 0 1703 0 1626 0 3050 0 279 0 3015 0 314 0 2156 0 1173 0 756 0 2573 0 233 0 3096 0 3281 0 48 0 2662 0 667 0 1409 0 1920 0 1100 0 2229 0 2288 0 1041 0 723 0 2606 0 1637 0 1692 0 2649 0 680 0 583 0 2746 0 2761 0 568 0 17 0 3312
2164 0 1165 0 240 0 3089 0 6 0 3323 0 2942 0 387 0 2536 0 793 0 2878 0 451 0 1570 0 1759 0 1934 0 1395 0 71 0 3258 0 414 0 2915 0 2840 0 489 0 3244 0 85 0 3043 0 286 0 1802 0 1527 0 1876 0 1453 0 2171 0 1158 0 1042 0 2287 0 2700 0 629 0 1732 0 1597 0 1472 0 1857 0 1898 0 1431 0 752 0 2577 0 2682 0 647 0 119 0 3210 0 1631 0 1698 0 2993 0 336 0 1989 0 1340 0 3205 0 124 0 1776 0 1553 0 1963 0 1366 0 1131 0 2198 0 1953 0 1376 0 1528 0 1801 0 1314 0 2015 0 1198 0 2131 0 2625 0 704 0 2566 0 763 0 943 0 2386 0 2770 0 559 0 1101 0 2228 0 1970 0 1359 0 2766 0 563 0 2233 0 1096 0 783 0 2546 0 598 0 2731 0 1377 0 1952 0 617 0 2712 0 1816 0 1513 0 545 0 2784 0 3131 0 198 0 1826 0 1503 0 2067 0 1262 0 571 0 2758 0 1454 0 1875 0 2866 0 463 0 1567 0 1762 0 524 0 2805 0 2821 0 508 0 986 0 2343 0 2983 0 346 0 1734 0 1595 0 1343 0 1986 0 2780 0 549 0 456 0 2873 0
1298 172 2694 2121 2219 3192 1108 3117 3037 2776 91 1441 2290 62 1300 2508 1760 5 375 1056 2148 1480 120 2706 498 3176 1984 1910 1930 1561 363 1427 3 2695 804 1560 55 307 358 2814 3206 212 2138 1498 1014 1120 1633 2530 3073 18 2494 3259 1919 623 1399 1632 1306 2566 1854 3147 275 3303 2468 1444 900 2233 916 2313 1041 386 187 2946 419 2286 2749 1903 2738 114 2209 3173 3109 2742 1040 302 613 1084 863 1172 2076 2023 1562 2698 2458 1405 997 3130 2457 2211 1280 163 1301 292 201 2564 550 2353 2891 2401 2348 1656 2215 1228 1781 291 3020 2365 1409 2773 2625 1048 2102 1672 353 798 412 2861 2555 1251 2605 1406 2683 162 3273 533 2219 2816 2500 1079 1772 1337 1376 132 1827 388 1975 2222 2128 661 151 772 2426 1978 3086 2742 507 2857 1663 3182 1859 1022 1387 509 194 132 1458 1303 769 462 1 3245 2742 982 659 1601 3164 1509 2119 3031 1841 2777 2909 1550 962 430 311 671 893 702 3162 1163 1182 2493 1161 2278 2030 2836 653 1200 275 1411 3005 2901 1108 1600 2093 2528 2217 3229 449 2101 961 1543 1349 1201 1972 1957 418 2122 1041 475 2859 495 2614 2985 609 201 1353 2336 2089 2064 3144 1088 348 1450 479 1400 2377 1710 604 2164 3296 350 1653 2492 1998 1766 2375 391 2738 181 320 402 2110 1789 1391 931
2544 901 835 2161 1904 3292 2223 1578 2877 401 2602 1609 3220 51 1896 2528 2026 1331 899 2346 1943 2960 1354 1571 1387 676 996 2809 497 1540 1996 3257 167 492 1566 404 391 1884 2687 3300 991 1596 939 1521 2105 292 2359 2393 370 675 2607 2731 3165 3167 1681 2162 2538 453 2760 1768 3297 2541 2622 2083 2040 2697 1067 1389 3047 1944 1724 3305 2823 2179 2573 2137 1205 801 832 1628 3146 3179 3285 1857 238 3091 1572 458 53 368 3256 689 269 1035 366 1383 788 1286 2698 2683 315 814 1379 1582 1479 2074 2794 1445 1103 298 2613 1940 842 1340 2815 832 3120 376 3107 359 3033 15 1211 1625 1600 162 1458 2919 1478 976 320 2497 1336 2591 1834 857 550 2816 379 3078 569 1623 2422 2594 505 1730 1740 2053 1115 1626 2758 458 2467 1458 22 425 2964 451 2925 782 1712 2002 2634 2076 2502 2044 2992 273 973 51 772 1671 2045 2244 2857 1139 1734 2071 1873 2328 135 375 1935 1541 1303 2820 1798 2585 1970 3046 560 892 1102 1190 129 584 2051 409 663 3239 1244 2163 3120 2636 1969 2696 3055 1350 1096 1394 1112 1533 57 3204 3135 1783 58 789 1447 3027 159 2105 750 1022 61 1588 2424 742 1568 1438 1348 117 2634 187 2794 2055 825 385 804 2385 2003 860 2482 1371 229 355 2510 2375 2499 2738 2323 1368 942 516 1683 2460
793 1018 3289 1595 216 2500 2370 2297 2935 3240 3002 978 953 2943 2571 690 151 2166 417 2591 2353 3298 1284 519 1492 560 1883 3120 3243 2714 66 1863 2208 3091 405 3012 1303 567 3245 2359 2405 2525 3273 1354 2063 379 56 3177 1407 2455 1566 2324 1194 351 287 2619 2362 102 18 2201 369 819 1949 2176 1485 2189 2135 2664 514 1227 6 2601 413 1882 3251 550 2286 1862 159 978 3233 2037 2115 2576 882 2552 967 3067 1083 2249 2450 2372 1518 3231 2137 844 597 1293 394 594 2763 1187 82 2820 3285 2841 2014 3313 1502 2376 995 2198 1059 2881 3311 65 3021 746 3025 1970 1326 3167 2822 2616 792 2490 3278 417 1239 2398 3040 35 2110 3041 888 167 2030 2299 1330 14 1363 3299 1793 2564 3022 2489 3092 2239 1398 2416 357 1529 590 671 149 2160 2138 21 1512 2619 2643 1971 2988 1424 2473 3034 3051 2330 412 1274 1856 2353 2483 2351 1282 1044 1883 1894 1786 1936 3110 467 340 1635 2515 545 2092 384 486 2438 66 714 2843 1712 3050 1792 846 2326 3017 2581 3111 467 1598 1617 2223 503 2887 251 2039 1321 1556 775 1813 2902 1266 1275 831 2672 1693 2739 998 665 1960 456 3210 2764 1688 3085 2981 2562 1454 2656 286 718 2190 1742 2413 1251 1033 3229 25 2538 974 307 2105 974 1642 669 604 74 1144 3144 1045 2566 275 3324
2181 3282 2025 400 2066 1499 3324 3099 3096 2734 1403 784 3173 2918 1887 2101 2984 1539 2825 457 3165 427 2038 902 3036 2574 1229 738 1327 2352 994 2671 987 2468 2141 2988 2193 385 746 1328 2872 2952 1772 823 1886 1306 521 1292 2241 478 2152 3010 335 1381 348 775 965 732 879 2015 2432 2331 287 955 920 1460 3017 1257 2650 2015 2518 1652 2229 3231 1077 1927 439 1835 138 1066 2842 2285 2507 69 1925 728 2229 2641 2506 534 342 189 802 2604 775 2322 2077 2296 1394 1003 1006 2307 61 2741 2564 3058 684 2578 2712 1672 727 2385 224 105 1034 2739 2608 447 2645 2291 1302 2251 789 1033 3096 2477 117 491 1261 753 2090 3218 2002 1814 3275 904 571 2878 2479 1731 3326 348 2919 54 3270 1537 617 3196 1855 2665 3067 3117 1777 283 2244 1534 3263 3267 122 1182 1585 1816 2077 1859 2310 3211 1294 2848 2760 2756 816 2736 3077 522 1843 1137 3305 1033 1576 605 2379 2780 2983 1425 2771 1520 1518 437 2201 2902 1074 1179 3083 1632 2092 1974 2701 401 1284 1884 681 544 2743 2318 1322 2548 1235 598 2519 35 1466 3013 2680 630 1417 1143 2859 1150 3137 920 3298 2460 2360 55 3233 1040 129 1949 1179 506 3154 1819 2334 557 3320 829 3138 3294 1778 1589 2071 26 2444 3179 1573 1974 556 529 1506 2068 1456 429 1630 2740 2149 595
2727 1436 843 2405 1647 3264 2080 1780 232 469 3116 468 2701 2982 318 1733 2587 1620 2495 762 2475 1139 1770 957 1016 2288 1528 388 2598 2456 1805 1653 2020 453 2595 889 2129 415 1102 1576 3287 2856 821 847 491 3 821 3174 1020 2594 289 2917 2544 1972 758 1525 2717 1993 2892 741 553 1947 1121 361 871 2602 1411 689 2795 2586 2195 763 2322 2743 1195 493 2507 1217 1132 2079 2416 864 948 1821 2838 1646 2553 2756 2135 1661 2548 3095 588 2561 587 3148 214 1315 2911 1333 2988 183 487 3086 1969 1536 133 3205 3256 1641 176 3164 3021 3250 1727 3174 1532 860 2579 815 383 1265 1040 74 2015 1056 775 166 1772 987 103 1894 647 2636 3149 2244 935 1576 2029 805 3156 1453 3024 954 646 3032 225 378 674 691 609 2580 2099 2414 3110 484 868 1123 948 748 1197 1870 1264 2261 1469 702 994 2596 495 3021 2112 791 851 3259 3076 3097 1478 281 518 1353 787 34 319 1271 1097 3308 2284 1826 952 741 2640 1154 375 446 115 2345 429 241 3118 1265 3270 1783 424 1400 632 100 760 276 3111 451 2210 2371 1079 1489 1858 1239 1500 376 3204 649 2986 1830 1479 556 2716 256 2365 1847 2722 1115 1360 1122 2677 2128 3029 765 898 964 2741 1187 2140 1722 1375 2910 265 3291 2992 2809 3034 3190 2316 2311 1345 3023 1493 1842
335 691 889 130 406 1383 3277 2431 1344 2351 1375 2133 1691 581 2679 542 1794 883 115 1900 1995 2958 731 716 101 2359 1474 2838 1314 1599 3021 1426 1268 2663 2306 2768 2800 3292 692 597 1771 1522 1709 1968 2014 2416 1684 1692 825 68 1275 1604 2079 1257 461 3323 2176 312 446 2069 1200 2734 2021 1675 474 2522 3131 2917 1018 1909 3253 3213 353 2177 3298 3070 3321 1625 2632 2670 1668 64 2206 51 690 1306 920 543 2430 1783 2649 2600 2926 2835 2449 1874 923 1489 2235 2091 2801 3227 892 1159 167 798 1187 1902 3013 956 2453 2994 1225 2905 1236 2456 3036 2642 1895 1051 2417 527 687 3156 1511 273 637 2356 227 1978 3189 2517 2714 2947 771 2453 157 2855 835 2154 1795 1315 2467 907 2029 770 721 2589 2863 1653 42 3067 2074 2130 2594 372 218 1009 862 2755 1258 1858 3059 2527 1417 915 1836 1392 2951 2760 1173 237 298 2944 2531 937 2713 2785 1904 1031 938 499 962 2642 2229 426 3199 1950 692 2542 1438 1265 2394 3154 3254 549 2258 2968 3194 1580 2236 2844 759 74 1631 1915 1371 756 1002 1097 355 2907 155 3071 1353 1402 3285 3249 832 204 2123 2374 2877 2227 3175 124 1219 2257 2562 2820 1171 159 779 2427 485 3239 1743 621 1573 2094 2140 1537 2482 1019 2493 2375 284 1095 2249 2156 2986 1667 2030 2866 1326 909
3304 1626 1499 2517 2548 545 3231 356 3274 2005 295 1473 1241 2110 1103 1544 1487 1935 1866 2005 1772 287 1046 1533 1703 3042 2928 1474 2554 2889 1801 1624 773 1000 2522 1741 1468 1196 2801 2759 2080 1055 694 69 447 1056 417 2651 797 1373 1826 3001 2346 670 1650 3288 463 263 802 2584 2019 1973 3306 95 1630 661 1542 2223 1514 2238 129 3131 542 1920 1016 3262 864 1938 1974 1626 1182 1239 2161 85 2759 517 124 3290 2620 2828 1285 310 1393 320 2659 384 33 2909 220 2606 352 1367 2050 1545 1141 2456 3229 219 2037 2801 811 698 998 2061 1015 2925 165 3025 1825 1307 2162 3176 1273 2908 2281 2449 8 182 439 674 2888 1344 3204 454 2899 2574 3047 2540 2073 3283 2908 1639 1988 3104 954 1717 2712 2476 1858 270 545 302 3082 2592 321 3132 2373 2273 1060 1750 3319 1436 754 1119 1859 2090 2903 2371 1006 352 1510 2211 2248 1126 2717 1295 682 372 123 2752 1678 2516 3189 2393 652 2390 894 1023 1587 1404 2014 1425 1040 2425 2658 2574 2284 233 1532 751 1823 496 693 2689 1583 405 679 797 2968 420 211 464 2182 1475 3283 2618 3203 2370 2244 2984 3098 2374 419 463 2362 1139 346 3323 380 2196 809 2034 1661 2276 2826 2401 721 1395 1996 2251 3109 2792 1586 2620 195 2132 2679 2587 2456 3154 2724 1118 948 912 1680 1363
438 3203 1861 3021 863 2875 688 3050 711 2204 32 632 1395 2974 23 920 431 3258 2884 2149 663 2583 3109 2043 702 2432 3317 1506 1083 377 2435 2753 1210 349 368 712 259 650 3216 2018 2742 1881 2191 2052 436 212 2550 3236 571 1772 1158 2246 2131 1624 1772 710 2393 677 3031 3144 2721 2702 987 1813 2962 1946 696 2802 1874 233 20 216 2761 2501 492 1063 1790 992 878 54 918 2558 334 2091 802 1093 1647 2143 2143 6 20 190 651 3104 658 86 1588 2705 2374 2669 2677 1579 749 1186 1624 3223 2568 1694 2822 1546 1598 41 2338 1340 2797 2526 118 3249 141 253 951 3028 178 333 832 448 2637 666 3043 223 1164 1332 930 1131 2027 1299 2689 2407 563 2085 1595 2767 1235 970 1188 208 364 1223 422 1047 753 168 3074 1738 677 2578 1661 3142 1678 2870 1552 2464 617 2887 2570 1230 2509 3183 2384 115 1885 1044 3114 2749 438 2919 573 2204 333 2304 1307 1756 1658 1952 428 1534 1347 1634 3310 1960 2387 3092 2218 1897 3106 2559 2546 3272 378 271 3274 167 891 966 3286 3077 2355 2935 1834 2442 2673 1876 2445 769 2374 2700 1629 294 1566 2751 844 662 608 1858 2351 282 2697 2724 1282 3328 296 2000 1954 1732 1157 1427 1409 1356 1862 2487 528 3218 2489 2879 2834 2979 2767 1614 1010 408 3224 1810 2143 1095 1828 550
2103 2816 1563 2081 2661 1088 367 192 249 2880 1919 2391 2863 3186 1474 346 2159 1190 1765 2259 1761 2082 949 1586 2751 977 2305 538 366 1441 3029 2193 1654 1175 1514 2781 861 1302 3293 1552 2360 1077 1721 3322 2310 884 771 3042 324 2268 786 517 2213 2451 1342 376 2125 2292 2225 1358 1633 1963 2130 607 1883 1840 840 1267 1114 1697 1048 1699 332 250 2687 770 3089 601 2478 1362 2470 587 2906 214 1059 1947 2417 990 1437 1616 1753 889 591 799 2971 30 2118 2457 2601 3065 1540 755 680 99 1667 1544 2819 2098 1394 764 1420 2047 848 1074 1254 1541 1426 2700 714 1473 1036 2711 841 2864 526 1100 2886 2692 1847 3270 2616 1934 3135 1252 3036 397 1950 530 75 1009 1304 187 2304 1713 1650 2907 2760 3 2347 2294 606 2086 343 1918 2810 601 133 565 2104 2194 774 2927 407 1096 1743 1319 2863 591 384 1056 1722 2543 1941 1079 1361 613 2682 2884 1903 1491 1128 3224 2759 1761 1194 256 709 1136 1067 1370 345 2470 1201 2467 1289 1611 2633 596 339 3227 2263 1179 1757 2947 875 1805 3087 834 61 2192 1493 2170 2735 1421 2406 760 1171 757 3161 1779 200 1180 2 866 201 142 2549 2193 2746 2648 2354 2529 25 242 2417 2950 2655 175 867 2359 1341 2391 1957 1682 2399 2779 1178 57 1965 249 1077 919 1239 80 2270 1690
425 1570 1123 2757 225 221 2728 533 3214 92 2973 989 339 1511 1263 2710 3127 2030 1890 634 442 601 3130 157 1625 3197 1266 1442 22 682 2197 1189 1312 2775 2943 3321 1249 2710 606 1585 712 718 584 2165 672 119 334 2846 3149 2710 2471 2422 2179 1360 54 1581 1926 686 2334 1107 627 78 1819 926 1143 1814 2299 2582 1099 2271 362 1907 1717 2732 3098 1087 2050 1416 2629 250 108 1429 2830 3091 864 804 3275 203 1256 2919 1686 1548 9 670 1479 1668 2211 63 661 522 1192 2685 2767 789 223 2271 2024 2531 83 3026 2182 507 1356 25 1037 2284 2243 354 3061 2723 2631 2564 161 1771 3174 272 616 2444 491 1370 1272 1617 1620 3325 379 259 3268 2496 1389 245 3042 1774 3241 2401 1109 2289 952 3054 831 2137 2736 208 512 2091 1527 2253 712 2466 3327 1794 3238 3305 2751 1859 115 3275 1031 1022 933 1940 1655 1328 1092 1665 1401 930 1715 2715 1700 2642 937 1453 626 2265 726 3091 538 1637 347 2771 278 1720 2963 1577 774 547 1754 2394 597 2042 344 188 1242 619 1891 323 2329 2160 1186 2462 1563 1639 1344 2646 1789 2557 53 3323 2365 1535 2398 3162 388 2420 1308 1223 1790 2147 2644 2547 2862 1853 1974 2531 991 1109 1039 2056 695 650 2474 1829 2151 2934 901 2713 311 2295 1121 1361 498 1439 1738 2700 2341 3053
68 2128 1441 1783 3044 197 2590 1088 3078 1479 1197 3156 2816 2426 3275 2552 1668 3286 2383 3313 436 2420 1797 1245 1403 1797 2407 3226 1184 1010 1839 103 817 1180 1835 925 2845 2012 2416 1737 644 2833 235 616 96 433 2438 2801 2889 1267 1736 2918 967 3131 1085 1613 2559 2383 1292 3034 1191 2031 788 1014 3149 2425 3225 1213 2255 1344 1959 1738 1055 3099 1453 1682 2842 74 1300 130 1809 1073 3091 3155 73 345 1380 1343 609 4 2644 2542 3188 2762 1648 3162 2670 511 275 1978 1362 1967 1958 344 582 991 183 2597 1818 901 2124 3235 2277 1274 1474 2475 74 2361 193 1814 875 120 2138 1498 2219 283 1269 814 1214 777 686 757 405 3236 2858 953 811 1216 514 2165 2365 2155 779 2644 3075 1682 805 294 2948 658 2875 552 834 1154 2047 2729 2317 2719 3188 2688 1424 648 1850 2195 307 1550 2248 348 350 639 2493 2501 2858 3115 68 2295 2996 3199 749 282 2442 2742 2847 449 2211 1712 1774 1840 507 1862 2868 1321 645 1744 1863 2275 2278 2969 2523 277 3118 2452 2215 2856 1468 2341 1972 218 1481 3154 881 836 2732 2181 2302 1055 2620 2916 2 85 1833 3035 1220 1855 1754 2863 1278 445 2965 585 1586 2311 2844 1896 1713 49 3169 161 1421 1250 2319 1071 1894 2560 1338 767 2008 253 68 775 2230 1695 1835 1440 3068 94
2928 1812 232 788 1692 2352 2147 2193 673 590 903 124 1322 2528 964 2142 2038 2150 2541 731 2563 2857 2452 101 596 1312 388 2017 2990 3172 2870 1139 246 934 2228 2518 48 2089 2225 2256 2906 2255 438 772 3167 2121 2732 2043 1342 3108 1911 1062 909 2642 2074 158 2826 3144 1641 2829 2677 1188 25 1635 2917 2680 670 1269 1665 711 2772 3322 2347 2662 2239 2166 163 1255 111 809 840 541 1373 1323 581 2949 2725 3111 2519 955 1682 890 2721 258 2473 3238 890 2784 3172 2883 2112 3084 1963 3227 807 1542 1666 545 1845 2602 1917 2545 579 1151 643 1163 2896 1723 779 1732 1109 1171 3055 3017 1864 2930 1173 2582 2509 1903 1928 1899 619 1179 761 415 1103 2507 227 2340 1737 786 213 2752 28 288 1876 1567 1424 744 699 1756 3031 1673 1952 1444 1247 332 1323 2065 1559 1505 1904 1824 3249 1465 167 2902 996 459 424 1700 1428 468 699 313 1328 1459 148 3047 2817 3209 1757 802 2781 2279 1080 2182 457 2050 631 2761 1413 852 2174 3163 504 1006 1701 2684 629 2406 308 662 1047 2968 1205 2621 2561 2025 816 1061 2795 1403 977 6 659 2469 706 286 1704 1112 2952 2809 2735 3242 2196 2476 2786 784 1012 1704 2302 196 1943 570 2909 343 2945 3232 1801 2688 1669 1456 2975 3211 861 1349 449 1729 2751 2138 829 663 522 798
209 814 1849 2746 1470 82 3131 328 282 2144 1024 2476 1946 667 782 2725 1998 3122 2000 989 675 3328 1167 1970 2741 1950 1749 2677 263 2953 2342 3237 454 1576 155 1923 1221 2902 909 1302 1213 2243 41 2697 454 2240 646 3176 1063 997 1657 1522 2896 163 2369 1786 3286 2379 2746 2183 2374 2221 1899 408 340 1484 2525 1422 3127 295 1785 2188 875 1936 1116 1329 2100 3185 1662 1655 492 2767 3240 748 327 1734 2733 1990 3192 2036 938 2985 2730 1313 3010 966 2501 450 2220 2721 53 2791 1031 136 2939 250 2835 1321 700 3212 2068 3099 611 806 2955 3112 2937 2808 57 1633 2767 2201 294 2479 1654 455 1232 1948 3259 2158 261 2280 1520 129 1729 1921 710 486 2263 543 1319 3261 42 411 877 2561 1516 1636 925 1968 3223 1542 2604 3017 1333 2559 1173 3075 2485 3133 2258 1344 3121 2594 1557 503 2074 751 2739 469 354 2977 771 1702 2980 1254 495 3089 2072 2136 1131 1853 584 3320 1598 1239 2457 445 2660 749 2886 1300 1144 1187 2213 3292 1665 959 989 1294 2156 391 3025 287 2669 2043 240 1778 2829 2001 767 2647 2170 2575 2285 498 1286 287 2788 127 840 2026 2067 62 1711 649 251 3207 3183 472 653 475 1940 935 356 1058 3110 2805 55 2617 424 847 700 381 2481 2222 628 1969 1451 1430 57 2371 771 2742 2733 939
2837 721 2442 2670 2749 2765 3133 891 170 903 1669 2413 3137 1825 1260 1667 1665 1318 2322 1592 1884 3080 881 1726 662 929 854 3236 2222 2909 979 2642 3090 1058 988 1446 2405 2584 2712 2189 156 3270 549 1369 2684 2468 997 305 1442 887 525 339 2188 164 2989 1671 1534 1467 462 1671 2404 3304 761 1134 805 964 1835 3159 1980 937 2920 2667 3062 408 3123 2041 616 1747 1564 309 2250 1373 860 2781 1260 1820 2499 3279 1143 2289 957 3200 1335 848 3057 2925 2795 2880 2278 1512 1046 1880 3002 1904 1661 215 2351 2701 1976 397 1417 1002 745 42 3223 3009 375 15 2251 464 3051 526 71 1824 267 836 669 2080 2854 533 1447 1221 2496 662 2749 1911 1397 1828 3304 1778 1223 701 1586 2981 180 470 3150 103 226 1061 1641 3170 2342 2728 2860 1766 460 3143 1478 1237 2235 279 862 892 3194 1952 1347 1018 335 363 18 1721 2491 2480 1191 2605 458 959 3055 1400 2825 599 2848 1609 286 2053 3005 797 1443 2691 1021 2516 183 1245 1134 2209 1703 2049 2746 2349 3306 269 2163 30 2770 938 3295 1743 2183 2899 645 2300 1831 161 1886 2302 3184 1980 865 3165 1426 2002 877 967 2560 2657 2516 715 1232 2626 910 380 1061 95 1821 2779 5 1274 1662 298 2908 2799 1821 2570 2158 2886 860 834 2633 1905 486 3229 349 1854 1779 2542
752 2347 442 844 3167 1656 754 1066 245 1824 2724 3139 1593 1995 754 979 1709 1969 2304 3022 1221 2870 631 3130 2074 2654 1569 2140 1993 2730 2633 1519 2512 2694 619 2385 968 1957 1985 595 2956 859 2326 894 910 553 1095 1759 65 816 2115 3317 803 1308 2361 256 2682 1147 1427 3210 1885 357 870 261 1126 455 1701 3205 2049 2447 1072 873 1051 3023 2965 472 3124 206 635 7 2806 2133 1950 2360 2180 1508 361 2102 1180 415 152 2134 229 2465 2030 2169 908 1022 147 165 287 2867 1564 675 2088 2833 2454 2388 1696 593 1337 3002 920 714 2493 1311 2549 298 2678 1731 2751 1220 1522 2803 48 2274 3034 2547 1208 788 304 1002 2890 2044 84 1445 2574 1123 2860 2074 254 1002 367 2049 2428 1147 929 1636 1870 359 1035 9 2299 324 1817 792 2451 1590 2286 1928 429 1972 2527 893 1882 3324 2463 1999 1274 1818 3022 2388 205 1078 2520 247 390 2243 1086 1634 3262 1384 1687 1127 811 2768 1377 13 967 957 1284 1786 577 1441 1342 1311 849 1220 119 2040 2778 3034 1141 1930 299 472 2656 1749 1299 2826 221 2794 1089 3003 1197 1785 3003 2706 286 202 581 3262 660 2877 106 1066 2706 3314 1299 499 2802 2250 1152 2722 3097 2328 1168 3248 2980 1392 2575 1236 2661 1748 563 2547 1363 2940 1703 2333 2990 1982 2665 1885 2926 1742
1063 3251 594 1111 3272 353 2580 686 93 236 758 527 1581 1006 265 678 2297 516 940 574 2582 1388 2233 2110 54 1591 1976 2120 1666 1049 1284 2660 1013 1657 3295 311 188 1354 1645 2682 1377 957 1988 2459 2662 1554 2540 1467 1833 894 700 3057 1333 1995 2073 105 1701 2263 528 3229 2469 90 456 1565 1829 599 2190 1747 2550 2996 2590 3301 1175 3019 533 304 108 2656 2361 2390 363 1840 2697 548 2 2990 354 1984 1310 2625 1342 1707 693 488 808 425 1265 1548 2646 704 1554 1699 397 108 2997 644 1959 3043 2603 1531 1576 2441 326 2067 3247 1512 3177 2819 275 2188 3265 2499 1004 1694 2264 1764 2747 1082 520 406 1037 1284 3213 1409 2893 1184 2920 722 1574 2987 1197 158 3311 811 2598 2575 2519 2787 2148 2529 2343 558 2687 2521 1202 1228 2412 25 2714 930 3250 175 44 902 466 2439 2288 2589 3139 3233 1799 611 1999 2837 3309 1850 2639 2522 2602 1826 1928 1909 180 2186 2853 2680 488 1211 231 215 437 2914 3132 875 2724 1536 1493 1107 1525 2939 2178 3084 2662 2336 1589 2515 624 1580 82 2233 627 243 2738 2937 1600 1214 2355 2105 462 2315 1877 1667 2396 1525 2859 2861 1161 436 1695 249 3071 2817 1045 1433 447 2442 1608 1993 2435 2567 1367 2808 919 2126 1212 84 341 480 2942 3160 594 423 157 1022 3178 1969
359 668 561 429 2737 1580 344 3297 2279 3247 1085 2999 1272 2824 2774 3054 537 3296 1875 1934 2427 1496 2363 705 3324 1534 1358 1436 3312 328 1412 456 1017 61 1233 2383 423 2011 1095 106 2829 1294 2605 1569 3226 1497 539 2221 602 211 3297 1578 2277 2411 55 680 991 1436 2462 2424 738 977 1100 1925 320 2395 2164 1069 1698 1527 531 711 613 3161 2409 786 2823 3288 2776 2809 114 53 1651 821 1861 291 344 2788 1234 1681 2958 1405 2178 2757 873 525 2158 231 647 2116 279 2547 354 370 619 2707 1293 839 662 2496 949 1024 60 159 2454 1184 598 1370 2954 2523 1864 3320 545 2792 1278 63 124 684 2084 1243 2421 2457 32 1131 3324 2612 2857 2361 2204 2115 3228 617 2059 1495 1472 336 821 2986 1610 2504 2546 676 1947 2022 3115 1995 2511 2006 99 341 3204 271 2751 846 1546 2283 1275 2585 860 2387 3163 969 1006 245 2264 1718 1727 2917 514 1041 2980 662 2577 2746 3262 996 645 3136 1806 3017 100 462 942 2452 2703 2121 849 666 520 3298 2472 61 677 736 2995 1873 1260 732 1397 2420 1742 2852 2433 1058 1331 988 978 816 1404 983 150 205 3139 125 1032 2694 298 16 741 185 1793 708 2675 35 3012 2788 1599 1065 2185 1080 1638 2675 157 2409 540 3322 1929 1244 2997 2565 3311 3260 2087 2697 3061 2762
907 1904 1023 1560 1328 465 124 2404 2565 149 3101 454 851 3222 161 2302 1632 2457 109 1507 3290 1938 2811 2769 3258 1360 1949 2037 2267 2220 2236 2372 152 884 1715 2392 1347 2718 3192 451 2380 837 2482 1192 828 1655 226 1916 1150 195 1817 3283 1158 1097 3056 3169 1090 1153 2823 1293 1894 907 1924 176 502 3283 3307 112 2952 1174 662 948 748 2431 2130 1901 373 3192 2322 2257 1771 1206 306 1263 3124 1149 3244 633 2552 196 1515 2796 3243 3035 154 1295 1691 2193 3177 2874 473 2958 1786 3005 1257 1780 859 2922 2752 1983 981 894 2826 1343 1236 2725 751 2915 2548 724 1041 512 964 1016 2348 1033 886 2791 296 1402 885 1613 1249 2136 1526 1747 2925 2090 1982 2412 1305 172 292 1446 1663 1630 1331 1206 1308 3250 920 872 2782 1985 762 1507 1803 2279 2687 2112 126 2146 2546 1854 1048 2869 2541 2496 2732 2854 3073 2882 3100 563 131 3253 2201 2488 3194 250 1903 267 1172 2721 2725 1672 147 2400 1219 405 2195 1868 210 2205 676 1624 2088 2079 1810 2309 2388 2500 1448 1213 1068 2198 792 755 829 1927 3078 1689 1511 2603 1827 1026 600 1487 914 2861 2449 103 2949 3224 608 1178 2202 3174 3261 2431 312 2942 2664 2626 3297 2475 2902 712 811 1850 625 2286 1909 471 1294 156 1760 1296 550 862 35 2572 2127 992 479 2072
