# codec_12 vectors: 256 canonical coefficients, then 384 hex bytes
0 0 0 0 0 0 0 0 0 0 0 0 0 0 0 0 0 0 0 0 0 0 0 0 0 0 0 0 0 0 0 0 0 0 0 0 0 0 0 0 0 0 0 0 0 0 0 0 0 0 0 0 0 0 0 0 0 0 0 0 0 0 0 0 0 0 0 0 0 0 0 0 0 0 0 0 0 0 0 0 0 0 0 0 0 0 0 0 0 0 0 0 0 0 0 0 0 0 0 0 0 0 0 0 0 0 0 0 0 0 0 0 0 0 0 0 0 0 0 0 0 0 0 0 0 0 0 0 0 0 0 0 0 0 0 0 0 0 0 0 0 0 0 0 0 0 0 0 0 0 0 0 0 0 0 0 0 0 0 0 0 0 0 0 0 0 0 0 0 0 0 0 0 0 0 0 0 0 0 0 0 0 0 0 0 0 0 0 0 0 0 0 0 0 0 0 0 0 0 0 0 0 0 0 0 0 0 0 0 0 0 0 0 0 0 0 0 0 0 0 0 0 0 0 0 0 0 0 0 0 0 0 0 0 0 0 0 0 0 0 0 0 0 0 0 0 0 0 0 0 0 0 0 0 0 0
000000000000000000000000000000000000000000000000000000000000000000000000000000000000000000000000000000000000000000000000000000000000000000000000000000000000000000000000000000000000000000000000000000000000000000000000000000000000000000000000000000000000000000000000000000000000000000000000000000000000000000000000000000000000000000000000000000000000000000000000000000000000000000000000000000000000000000000000000000000000000000000000000000000000000000000000000000000000000000000000000000000000000000000000000000000000000000000000000000000000000000000000000000000000000000000000000000000000000000000000000000000000000000000000000000000000000000000000000000000000000000000000000000000000000000000000000000000000000000000000000000000000000000000000000000000000000000000000
3328 3328 3328 3328 3328 3328 3328 3328 3328 3328 3328 3328 3328 3328 3328 3328 3328 3328 3328 3328 3328 3328 3328 3328 3328 3328 3328 3328 3328 3328 3328 3328 3328 3328 3328 3328 3328 3328 3328 3328 3328 3328 3328 3328 3328 3328 3328 3328 3328 3328 3328 3328 3328 3328 3328 3328 3328 3328 3328 3328 3328 3328 3328 3328 3328 3328 3328 3328 3328 3328 3328 3328 3328 3328 3328 3328 3328 3328 3328 3328 3328 3328 3328 3328 3328 3328 3328 3328 3328 3328 3328 3328 3328 3328 3328 3328 3328 3328 3328 3328 3328 3328 3328 3328 3328 3328 3328 3328 3328 3328 3328 3328 3328 3328 3328 3328 3328 3328 3328 3328 3328 3328 3328 3328 3328 3328 3328 3328 3328 3328 3328 3328 3328 3328 3328 3328 3328 3328 3328 3328 3328 3328 3328 3328 3328 3328 3328 3328 3328 3328 3328 3328 3328 3328 3328 3328 3328 3328 3328 3328 3328 3328 3328 3328 3328 3328 3328 3328 3328 3328 3328 3328 3328 3328 3328 3328 3328 3328 3328 3328 3328 3328 3328 3328 3328 3328 3328 3328 3328 3328 3328 3328 3328 3328 3328 3328 3328 3328 3328 3328 3328 3328 3328 3328 3328 3328 3328 3328 3328 3328 3328 3328 3328 3328 3328 3328 3328 3328 3328 3328 3328 3328 3328 3328 3328 3328 3328 3328 3328 3328 3328 3328 3328 3328 3328 3328 3328 3328 3328 3328 3328 3328 3328 3328 3328 3328 3328 3328 3328 3328 3328 3328 3328 3328 3328 3328
000dd0000dd0000dd0000dd0000dd0000dd0000dd0000dd0000dd0000dd0000dd0000dd0000dd0000dd0000dd0000dd0000dd0000dd0000dd0000dd0000dd0000dd0000dd0000dd0000dd0000dd0000dd0000dd0000dd0000dd0000dd0000dd0000dd0000dd0000dd0000dd0000dd0000dd0000dd0000dd0000dd0000dd0000dd0000dd0000dd0000dd0000dd0000dd0000dd0000dd0000dd0000dd0000dd0000dd0000dd0000dd0000dd0000dd0000dd0000dd0000dd0000dd0000dd0000dd0000dd0000dd0000dd0000dd0000dd0000dd0000dd0000dd0000dd0000dd0000dd0000dd0000dd0000dd0000dd0000dd0000dd0000dd0000dd0000dd0000dd0000dd0000dd0000dd0000dd0000dd0000dd0000dd0000dd0000dd0000dd0000dd0000dd0000dd0000dd0000dd0000dd0000dd0000dd0000dd0000dd0000dd0000dd0000dd0000dd0000dd0000dd0000dd0000dd0000dd0000dd0000dd0000dd0000dd0000dd0000dd0000dd0000dd0000dd0000dd0000dd0000dd0000dd0000dd0
0 1 2 3 4 5 6 7 8 9 10 11 12 13 14 15 16 17 18 19 20 21 22 23 24 25 26 27 28 29 30 31 32 33 34 35 36 37 38 39 40 41 42 43 44 45 46 47 48 49 50 51 52 53 54 55 56 57 58 59 60 61 62 63 64 65 66 67 68 69 70 71 72 73 74 75 76 77 78 79 80 81 82 83 84 85 86 87 88 89 90 91 92 93 94 95 96 97 98 99 100 101 102 103 104 105 106 107 108 109 110 111 112 113 114 115 116 117 118 119 120 121 122 123 124 125 126 127 128 129 130 131 132 133 134 135 136 137 138 139 140 141 142 143 144 145 146 147 148 149 150 151 152 153 154 155 156 157 158 159 160 161 162 163 164 165 166 167 168 169 170 171 172 173 174 175 176 177 178 179 180 181 182 183 184 185 186 187 188 189 190 191 192 193 194 195 196 197 198 199 200 201 202 203 204 205 206 207 208 209 210 211 212 213 214 215 216 217 218 219 220 221 222 223 224 225 226 227 228 229 230 231 232 233 234 235 236 237 238 239 240 241 242 243 244 245 246 247 248 249 250 251 252 253 254 255
0010000230000450000670000890000ab0000cd0000ef0001010011230011450011670011890011ab0011cd0011ef0012010022230022450022670022890022ab0022cd0022ef0023010033230033450033670033890033ab0033cd0033ef0034010044230044450044670044890044ab0044cd0044ef0045010055230055450055670055890055ab0055cd0055ef0056010066230066450066670066890066ab0066cd0066ef0067010077230077450077670077890077ab0077cd0077ef0078010088230088450088670088890088ab0088cd0088ef0089010099230099450099670099890099ab0099cd0099ef009a0100aa2300aa4500aa6700aa8900aaab00aacd00aaef00ab0100bb2300bb4500bb6700bb8900bbab00bbcd00bbef00bc0100cc2300cc4500cc6700cc8900ccab00cccd00ccef00cd0100dd2300dd4500dd6700dd8900ddab00ddcd00ddef00de0100ee2300ee4500ee6700ee8900eeab00eecd00eeef00ef0100ff2300ff4500ff6700ff8900ffab00ffcd00ffef00f
3328 0 3328 0 3328 0 3328 0 3328 0 3328 0 3328 0 3328 0 3328 0 3328 0 3328 0 3328 0 3328 0 3328 0 3328 0 3328 0 3328 0 3328 0 3328 0 3328 0 3328 0 3328 0 3328 0 3328 0 3328 0 3328 0 3328 0 3328 0 3328 0 3328 0 3328 0 3328 0 3328 0 3328 0 3328 0 3328 0 3328 0 3328 0 3328 0 3328 0 3328 0 3328 0 3328 0 3328 0 3328 0 3328 0 3328 0 3328 0 3328 0 3328 0 3328 0 3328 0 3328 0 3328 0 3328 0 3328 0 3328 0 3328 0 3328 0 3328 0 3328 0 3328 0 3328 0 3328 0 3328 0 3328 0 3328 0 3328 0 3328 0 3328 0 3328 0 3328 0 3328 0 3328 0 3328 0 3328 0 3328 0 3328 0 3328 0 3328 0 3328 0 3328 0 3328 0 3328 0 3328 0 3328 0 3328 0 3328 0 3328 0 3328 0 3328 0 3328 0 3328 0 3328 0 3328 0 3328 0 3328 0 3328 0 3328 0 3328 0 3328 0 3328 0 3328 0 3328 0 3328 0 3328 0 3328 0 3328 0 3328 0 3328 0 3328 0 3328 0 3328 0 3328 0 3328 0 3328 0 3328 0 3328 0 3328 0 3328 0 3328 0 3328 0 3328 0 3328 0 3328 0 3328 0 3328 0 3328 0
000d00000d00000d00000d00000d00000d00000d00000d00000d00000d00000d00000d00000d00000d00000d00000d00000d00000d00000d00000d00000d00000d00000d00000d00000d00000d00000d00000d00000d00000d00000d00000d00000d00000d00000d00000d00000d00000d00000d00000d00000d00000d00000d00000d00000d00000d00000d00000d00000d00000d00000d00000d00000d00000d00000d00000d00000d00000d00000d00000d00000d00000d00000d00000d00000d00000d00000d00000d00000d00000d00000d00000d00000d00000d00000d00000d00000d00000d00000d00000d00000d00000d00000d00000d00000d00000d00000d00000d00000d00000d00000d00000d00000d00000d00000d00000d00000d00000d00000d00000d00000d00000d00000d00000d00000d00000d00000d00000d00000d00000d00000d00000d00000d00000d00000d00000d00000d00000d00000d00000d00000d00000d00000d00000d00000d00000d00000d00000d00
791 1124 659 525 2298 2903 437 628 1046 1686 786 2245 2929 3083 1158 2456 1852 79 518 2385 142 1991 1811 172 432 2771 511 350 1335 2446 2440 3281 2986 1696 2444 1053 1323 604 3296 2929 2598 498 3096 2200 2825 2638 253 2279 2675 916 1132 1179 1305 641 2967 584 3245 2903 3275 1247 3110 284 1018 312 2375 799 1193 2807 2806 3167 2931 1244 1103 1682 904 468 1127 1115 1961 2178 851 861 292 2738 1326 2788 2459 3153 2121 1140 1745 1673 17 2483 2969 2041 2825 2035 206 2625 2680 2178 2420 785 1142 1139 3116 2871 1462 2761 231 1573 1768 760 3009 3006 895 1236 827 439 2715 1577 2484 984 1363 329 2316 2471 2040 523 1072 2892 671 2007 2978 1 56 479 2946 2745 533 1507 784 669 2966 1828 3321 26 610 361 2719 2735 1081 2784 3212 726 1939 536 1723 526 1719 2032 2783 3019 768 2900 297 1518 298 2480 2145 338 357 1876 2700 1149 2439 2613 598 131 1755 2921 2296 833 2973 3175 2928 1928 2435 3315 3102 2937 1646 192 1970 344 1107 1830 1637 636 2454 1133 3306 3149 1290 2341 122 1806 372 2250 2161 1917 1201 1833 2853 1731 1776 2066 842 2773 698 1681 2201 2445 2891 2851 704 3231 2989 1547 3135 3087 580 1036 2531 2430 652 1690 1632 2830 3104 2644 91 60 1467 2895 1300 2365 66 2171 2389 1741 1159 358 900 3019
17434693d220fa78b5b5412716646912538c71bbc08684993cf7040612958e707c13c70ab031adffe11537e5988819cdaa0b6a8cd9412bc525e01cb7262a1f188c8909eba4fd708e734a396cb449191528978b24ad7cb5cbfc4d26cc11fa831347f931a974aff6fac573cb4d4f246988431d67b445a9278853d3352421ab2e45ae9b19c5494847d1966811309b999b7f093b7fce10a4782a887419317634472c7cb3b695ace75062e8862fc1ebbb7f434d3b731b9b9a62b4893d5395140c799af8b72030c4b49f727da21b0038f01d829bab15325e10d329964b72f9ac016292169ffaaa3904ae8c6c2d938721bbe620b7067fdfbabc0043b529e15e2a019b6128156541758cda478759a3563208db96b6f818349d7bc6708b788339cf1e9cb76e060cb2871553647265c62796d946eadcc40a55927ae07074a18c71d877b19472253b6cf026814a53adba126999d8984b3bb2c0f2c9adbb603ffcc044c240e3e9978ca26960e6b0204ca55bc003bbf5b414d59342b08755d96c87641684b3bc
627 585 2662 3037 1851 2104 2676 2720 3047 1783 2921 1228 229 1929 3254 2223 1258 2226 385 2480 1435 3158 1588 2426 381 2804 2508 2921 1669 825 1950 2785 2492 2628 2903 1442 1989 3216 90 651 909 763 335 2061 2681 1578 1236 2442 1564 1246 2827 1140 2363 1688 2702 644 1476 3055 2690 2368 919 1562 2485 2188 1181 1161 2919 1253 2214 715 1610 815 1767 2472 1450 1306 2839 2210 627 1936 2808 1622 1124 2403 1300 2103 2606 3097 8 1403 2715 1835 2505 2426 1053 159 565 1926 1290 3308 2031 1111 32 1526 3170 1363 2438 729 1217 2500 806 3037 627 610 1214 3077 2779 2129 2617 1325 1943 1151 2373 3249 2493 1632 3082 13 1942 2379 3228 247 3091 2954 1730 2918 3119 2288 917 1807 246 843 1629 2538 3323 320 612 1875 73 2473 657 954 361 106 120 64 224 429 1398 2108 23 2041 824 1364 3244 1842 2624 3194 2441 2761 2025 1387 2428 1917 2080 96 2671 1805 2039 546 2289 1180 148 2725 1381 832 2946 1975 348 2982 888 1645 3268 871 182 3229 2495 1326 325 1476 2723 839 2542 2049 725 1019 2833 2278 2673 516 820 3267 1970 759 2248 1282 705 414 1037 379 2530 3251 3161 2366 1050 2971 2998 469 2621 148 2753 3182 271 56 447 3026 1743 2732 2476 2741 2168 2594 508 917 871 1384 2878 215 888 41 1146 1405 2922 3028 2909 2555
73922466dabd3b8783740aaae77b6f69cb4ce59078b6fc8aea248b81019b9b65c534a6977d41afcc99b68596339e17aebc49a4572b5ac507c95ab0288db32f4fd18079aa62d4a4981ce64d0b4b473b89698e4a28c4f5be820a9497a361b5c9889d9448675b4ea6b82c4af632e7869aaaa551172b8a730279f86a656434961475832e9ac108b0579bba72c9a9971df4093562780ac5ceef774520605f623c5586992dc1449c26d3bd732226be54c0db1a8539da5297f7474519cbbd09660adc0096b7949c7c0f13acb8c266b62f0c8f95f370f6b0345da69efb0c1464327549909a91a23b69a106780004e0d01a76c58317907f384355ac2c7340aac78999ace9b7567cd9772008066fda70f72722f1c8499450aa650534827b7b5c61ba78d366c47c36b6d0c9bfe95245415ca37a34ee1980d5b23f116b8e714a203433ccb2772fc82850c1e2190db417e239cb59ec931ab4b9b65b1d3d4a09c1eac60f8103bf21bdcfc6aaac59ab7828a2fc51396783563e7b0d7893027ad4576a4bbd5dbb9f
2969 685 1254 564 3290 2500 3113 1344 1336 2312 1366 2383 1284 580 631 2765 1798 2054 2552 193 2243 2862 669 605 2072 2148 1223 1039 2228 1618 2961 655 1900 3128 3083 1997 723 2706 2330 1890 664 3229 3205 14 3264 2271 2 717 1316 3267 1490 2717 1686 2603 1263 954 2758 1983 1899 2241 3195 3191 297 3300 2698 270 2839 342 1599 1957 442 1 2211 183 2539 2943 3196 1538 548 901 556 320 1311 2441 3253 1946 1397 1219 2053 2497 1611 2898 3017 2813 736 1449 2827 3226 101 1181 2340 936 2222 2367 2336 1172 2743 3125 3306 1602 1813 1519 2693 297 1680 2590 2910 565 397 506 1530 3166 400 1803 2859 1273 2114 3117 1723 2460 2674 2369 380 2932 282 746 1402 2963 2798 156 1999 3305 2928 14 789 2025 2064 591 2237 1278 2439 1500 707 1437 2235 910 1944 817 3314 768 1660 2298 387 830 2133 2379 1087 477 2388 2725 1641 3238 1475 1201 1355 2940 1177 2500 3178 1108 14 1447 2143 34 3302 1208 3120 1387 1951 1482 3305 1315 2023 371 1689 2234 1655 520 2643 726 3304 605 1698 2027 2601 2884 3273 881 807 558 338 1281 395 253 79 1395 1172 2854 431 1642 2373 1867 327 3157 1720 2232 108 1704 1216 392 24 196 1547 229 1518 2473 2371 2320 2542 2041 1791 1944 2774 2634 1090 903 1076 619 1427 257 1113 419 2569 3172 285 2900
99db2ae64423da4c9c290c5438859056f59404452477d2ac066780f8190cc3e8b29dd225184886c7f440b4286591fb286c87c30bdc7cd322a91a297698d2c985ec00c0fc8d02d02c2435ccd2d5a996b6a2efa43bc6fa7b6b178c7b7cc72941ce8aea10176b153f567aba1100a3780bebf9b77c2c602452382c02141f9598b5ac7975354c05189c4b26b5c9dbafe0925a0babc965d04924893aaef893204949b75ac3ea2c6415f75e859a1290e6a15e5b238da11ffae5c590b1702b9b4f42d8c2bbc699721a947c41b71aa12e7a35b9eeca09cf97ce70eb0015937e10f824bde84f87c95dc3d259bbe838981733f20c307ca68f83e13355b8943fd41d5459aa6966cac3154b4bc5b799449c6a4c450e705a5f2802e68c4b30bc569fa75ce93c52e7371799a68b778620536a2de8dc25a2b67e294ab4c91c3727e3225211508bd10f4f30579464b2afa16645b9744751c5b8868b6c806ac0841818400c0b560eee959a430991ee997fff8679d6aaa442743834b42693151059341a094ac61d41b5
1560 665 1619 2787 1705 267 634 996 2463 1530 338 1410 1484 151 2270 863 1292 2374 2588 794 1490 475 138 2195 2828 0 1973 1324 1143 1585 915 110 2678 3079 2024 2257 347 1309 818 201 2636 1086 2575 2133 2078 3113 1400 958 2098 435 163 2169 552 2947 1588 2366 2106 3097 1730 699 753 3229 708 2985 1987 838 3181 2379 2841 1670 3253 3238 3114 1456 578 3100 1027 1130 3174 1279 1669 160 1850 1600 1477 2721 2548 2503 840 2072 1938 1588 2518 1942 3309 372 3304 1093 2251 2650 393 1288 1701 2803 2025 1818 623 871 144 59 996 2330 2752 764 2390 914 2934 2806 1780 1543 2897 3008 2372 3132 2389 2360 2244 911 1032 3252 575 1860 1283 1867 2875 1451 1616 1939 473 1316 2218 1391 3193 145 460 1406 3202 2153 2614 1999 232 1719 222 3274 757 3304 841 2586 3037 2267 2654 1359 2949 1508 231 2881 1180 401 1998 92 1340 1625 2887 430 2333 2003 2073 567 1422 2571 2308 2401 3032 3247 165 2179 1963 3167 2828 2425 1924 680 2175 30 408 2211 3084 1342 2748 3095 3047 1679 3148 855 541 918 1545 3327 3322 2890 333 1095 128 543 2208 2308 1799 2309 2160 1803 1250 3070 1245 1794 2826 3237 2460 63 2283 2930 881 2467 108 256 286 2422 1081 1441 1761 1026 2424 1466 3014 75 325 223 641 821 1043 256 193 3262 1252 532 2878 241
1896295336aea9b6107a423e9fa95f522158cc7509def8350c65941caa31d2b51d8a30890c0b00b5c75277146393e306767ac0e8178d5bd15132930c4cea430f5a851e98c278e53b32381ba390872832b834e6933a98c1c2b62bf1d2c9c492bac367346dbc94196b68b56cca2a0c5b42c2c103a44666fc4f85060a3a0764c515aaf4799c488381924763d66979ed4c17e85c44cba8a5898150a536afe9a7716f723690b003e4a391c0ca2f562939766baff47660510bbc44c9c3558993c4f8380844cb3f427403b5743bbb5a503679d94152aaf856791c09cce157829c8636fa7ce8706bdea0ccf582ce49a3a1ddbb8d5efa54854b5ee710b49c1419cec7053c956547eb1a1d397d1978238eb5a0041996d8fbcaa53088abf7c50c9b9784872a7fe80198318a0cec53bc7ac1e7fb684c7c351d623909f6cffaacb44d714480f021a0489007579070b870e2e4bfdd24700a5bca9cf903eb28b771339a6c00101e619739145ae1264078a95bc6bb0445f10d815233130410c1e0cbe444213e1b0f
