# codec_ct vectors: CTE d poly[256] bytes[nbytes]
# d=10 -> 320 bytes, d=4 -> 128 bytes, d=1 -> 32 bytes
# CTE polynomials are SIGNED representatives so the canonical lift
# inside the codec is exercised.
CTE 10 188 628 1535 243 186 416 741 -887 -908 1628 432 284 915 850 1584 -902 -1279 165 -422 -1084 -1293 542 1652 1176 934 -1493 774 -42 191 1014 1362 857 998 -1019 888 -1603 500 -1406 -1421 -1518 -885 -674 792 -1541 1523 236 -328 140 756 -864 462 -707 958 -460 383 -1646 1049 -1316 209 1018 -525 2 593 -1324 1235 -624 -373 1440 -724 436 -481 -1543 -1377 642 1474 -1222 -24 -1223 -473 -81 -1391 -1595 1141 -1662 -790 -805 -1450 261 -127 1239 -37 55 -1365 655 914 -851 1524 1100 -559 -285 -1308 -390 -302 -1602 15 1440 -1181 -1113 -655 1231 -1251 -1620 -1419 240 1600 330 -937 1129 626 -893 168 420 -883 1333 1487 -1128 53 972 -93 -1187 -47 59 -793 -1663 -559 1626 763 -419 -1584 -801 -897 -50 801 964 699 -1254 -1492 -1065 -791 144 -607 -1625 1500 835 -317 -451 -83 -1364 -1360 -1295 -810 722 943 -669 -1601 798 -154 -142 884 192 -1143 741 317 689 -1109 -83 -916 905 -1033 -391 -729 836 -643 1307 -887 -1015 1364 912 604 -859 1149 -74 312 808 -1343 62 -1470 -1239 -1218 -1506 434 -619 -688 1366 1221 -60 -612 59 779 347 -463 466 -946 1286 -1383 -1147 -729 299 627 1012 858 852 -1361 -517 -795 -829 1403 -1597 -1381 -562 21 161 -644 -1417 -1474 -943 -510 -154 510 679 -1126 -1287 -181 -1098 180 -309 1026 1337 1167 473 729 -1090 752 -1521 -1591 280 3a0483dd12390042cebbe9d657c815191574deba77cee0f7ac729ec29f5a1fd5e8cefc3be0341a42331d1bd1849a40b9648bf0c64c8f89d425b1f90ae9d8ebc8c927cd6d878143ad09444e5f07604b9a7c01ddf86e211bc276895816531ca2f923faf6f95456f855800d232c2414d9f7557f045c269391bed5494535ea6e223efa8405ec56a9aa37eff5a7834c2ac19e19e06e154cbb340402af66c9950ac14ae34f2abf040c0348357debfc9da1c2ecc66f4f4ad7f85923ae0db3503483cd05e479dde673e9a59c077b2392cc14d6133df510ed002a396250b3aaf9e65a242ce22007a4b364ef224b5a46bae01b56fa60e433e6043c0e9a688c8508cd326978b94fb404f0ac21f723dd3276e5a7207311cc4d0819d465d80b070c5b85574e6d800c3a33b9a3b76347df4934a6d289bcab3784ced3666745024eace7b078a115
CTE 4 -200 1207 -387 -1527 -1577 786 941 -1358 311 -1389 1328 -390 -358 -1105 -1368 -1356 191 572 -158 1354 -1482 1355 1355 1218 -1134 1585 -265 -223 -1317 1142 274 -1346 44 1574 -1541 383 682 -1605 895 1048 -98 -111 722 -1614 829 -1369 -1336 -1293 955 -1191 -611 40 1318 -312 -73 1346 1179 715 210 140 230 552 -1321 460 1408 443 -1542 -394 798 -1305 305 -1573 -722 1196 -1202 372 1530 853 1039 327 -617 -1618 -157 -431 -1078 1113 841 -835 459 -970 1423 -262 1039 146 377 -675 -325 -7 1063 -638 -851 933 100 1628 1637 1426 -844 -787 -90 -765 724 -368 -805 -1107 -1113 369 -228 -1498 1249 -1402 -531 -972 -1202 181 266 -537 -788 31 -98 899 465 358 1089 -373 1269 895 189 -352 -1359 -1536 -525 824 -1495 1114 1238 -513 673 -214 -399 995 1578 646 -1586 961 -1108 -5 198 -887 -1563 1486 -573 -692 1527 -1087 1599 -1472 913 -1192 164 -1218 916 528 1019 957 1643 -154 -1345 1139 -853 -848 282 -616 -933 1261 -1620 1428 270 526 1261 -1516 -931 -737 -549 1525 -248 546 1192 467 385 852 1433 -1012 -53 1579 1202 -747 -1307 17 1294 -75 -1132 181 193 -858 898 -1637 -121 588 665 1009 394 1599 -259 235 -327 1003 -825 -1259 1293 1605 964 1275 -1159 -791 -672 -66 -1305 -395 535 1575 -352 -592 1278 -1600 -237 403 -1325 -1512 141 -263 590 62 1482 -537 332 -1548 6f9e489591e6be99317f79678bff5aa180298354f08394aaa50df6603611312a27e9a4816d2a47258def5bc4b2f715d20ed54c8078ccc0e3bc2b9f96bd1ad10c4022e546e1994d59e6f35e38580bc178ddb798a4a13455f85accd16c783196cc7d3f2642b780c60a061bc1843f53821f5eac8665ca0dea83de862f9af103d792
CTE 1 -770 1650 -1402 92 1612 -1521 -956 519 -292 1148 1563 -1089 263 -1056 451 1299 458 1112 1159 138 353 707 1158 -1312 1440 -758 135 493 624 -476 1321 636 952 -991 477 442 629 -614 -388 1085 -103 832 -812 -417 -1086 567 483 -546 682 374 -841 19 531 -1196 397 -1644 815 -120 -1551 540 -1484 449 -24 564 1617 641 -1165 347 -1283 1166 -981 -1395 542 215 30 1614 -9 -562 -656 274 355 -1144 -273 112 287 486 -365 -1220 -880 54 866 -1544 -599 -1134 1211 1527 -1571 -1519 -869 -1027 -734 -1616 1150 -501 -345 1299 -209 -663 874 379 -1235 382 1329 720 -1162 426 889 -638 1275 -855 1208 508 125 -1569 -125 928 29 504 858 -1010 540 -828 921 523 951 -770 505 -779 559 841 738 -1106 -712 1370 907 1655 -241 -923 -371 806 -374 -867 -771 1523 -868 -1268 -1116 -684 -1122 1312 -1303 -602 -76 -1267 116 62 561 1571 1223 -1148 -843 -15 908 1142 1608 -1592 -1271 -841 670 1131 -200 -185 -1192 1222 407 935 1441 -258 395 1144 -890 1624 -1376 310 -1230 -1565 -1511 1457 595 848 444 665 307 -1064 -888 -909 -1194 -829 -958 -1017 -505 1092 -1274 710 -1411 -1114 1125 228 -1347 1468 -1268 -326 -63 248 82 446 -212 97 -804 797 -136 -1610 932 1207 -1497 -844 -922 6 195 -192 1364 -148 -4 -865 813 -988 -1276 435 1581 -1601 -339 -1317 1619 1222 913 -8 76aec6418310a414f50882ed6f52d52953a88bde89f7cbe6bd78db1d801f697b
CTE 10 669 791 -882 401 730 -268 1632 1458 -607 -520 -1188 1385 1379 1522 -1009 -3 -1119 -313 543 1181 -150 1478 104 1470 -921 -3 -817 1295 -907 -1376 1601 -265 -429 256 -1251 -1621 -208 952 891 -1461 -714 -546 1064 -440 -281 -780 1038 -1 668 -919 519 -1350 -69 444 374 966 -791 1208 -1175 1456 -45 690 -1571 -1194 856 -1222 1362 -694 -613 153 -20 403 -1458 1454 -864 990 -126 -1620 -1261 -605 -637 -535 -268 589 549 416 38 468 662 -1256 949 156 1651 976 -1352 586 783 1073 1445 -1480 -82 -1009 -84 268 -972 365 555 839 779 -1425 95 361 59 -499 493 -32 784 -385 -167 508 -494 315 1019 -560 632 -503 1054 1271 1398 -452 -1554 -1607 1500 -661 735 -1489 928 -1023 10 1427 1139 -67 -1448 -374 1401 -35 -1459 718 1297 -357 -1363 1602 -748 95 1281 292 -637 1430 -666 -1478 479 -1261 1654 1296 254 -1073 -660 808 1229 -1193 -1458 892 44 202 -1181 -830 -1451 -203 499 -1031 -1155 -176 149 -1092 1071 43 201 797 -591 955 720 1129 54 -173 1522 1382 510 -1103 -476 1343 -1137 -688 306 -1198 396 -400 1548 414 895 -193 -539 -552 833 1141 1305 649 1199 759 -886 929 -523 1421 -684 -887 -645 392 1010 -862 1134 -1503 909 -1416 -1626 -555 -602 77 -1554 889 -1509 -1245 -753 554 -525 -1368 1431 -1310 1106 -1006 591 -703 921 -136 318 296 -214 -802 cecc13ef1ee1b86e1f7045833da96aa851a7ecffa8827eca5ad21f070271e5fe5fb063e966c99eeb7c3ff16783c09724d18f24637d54deaa43fc1300cd940b4a98eb2732474a0dd3752970f253d361a407213adaca43bfa03f1f40fe666f4cd93bc8a7d13c6fed7a2da900c20024ccf849120cfcb104262df128c55b8ee72b6bbe14d5c2b18a40f028d9c11b129c8d89fdf128de3c2768879113d5c2944dd461aed52da284cdd52c8e8d1d153bc06d5ead3f64e3afd5ff63378f49de657b1a77a098163ce336738e93f0d9df634ed85a733e7a450aa4440ef85069c0420a9fc9b09d2aef02ac4935e0433d4a9bd4cd56112c4f5d6a9db4ea7667a2b2ecc5a37a14cedd1f1315afb5d5007d15193271a5f3ae475fd7e6f2bb3ae771d3bd5dc98811930c567d340622460463a018abf2f596b8b549d5b2b6a0bc91f5626ce17bc2
CTE 4 -279 -257 361 1386 -1118 -1360 1622 -1174 168 1650 890 1484 1485 -791 156 74 1397 -607 -67 1653 -1047 -153 -1036 1013 779 -332 -473 583 1444 1392 -911 87 1013 -152 714 -1267 228 -337 -1343 562 -1324 105 647 662 321 1143 234 -440 1512 -1626 -1353 -394 -791 1047 808 -1330 1183 -420 362 1305 1465 1178 -321 -506 -1079 -768 -199 1028 1309 -325 -164 -1184 -344 1241 142 667 772 1150 -521 130 507 1625 -416 213 -364 -758 -28 1325 450 -647 -1319 -183 -167 -1566 -176 1109 -44 731 -77 1596 -866 1362 645 -156 1600 -66 550 -1030 757 641 -938 -941 -1297 1444 197 -512 1661 -1573 -758 448 -1428 564 -1015 660 -453 -1573 1003 1630 67 -1402 719 575 -413 1563 570 -1320 -294 -1330 -544 1354 -1233 -379 -1318 -1558 933 1012 -1075 -1265 1390 994 64 -659 1253 -762 338 1470 472 -279 1468 216 -49 -229 -281 1642 -301 1090 -1105 358 335 536 1632 1288 -1368 1236 867 -1475 17 1436 1066 -234 -1649 1636 -116 -1299 239 553 958 -1565 481 -182 1244 -1623 1622 -1214 62 58 -1066 -658 1372 -1000 937 -126 1137 -978 -350 -827 -70 76 503 -468 -542 -1422 267 -401 1329 -1194 -421 990 -1028 1514 -930 -1409 1420 215 -1594 728 306 1614 -1516 -384 -1219 -855 -909 -193 -774 745 -700 793 1273 268 772 419 -747 146 -907 -513 -16 -958 1438 -388 903 581 590 299 -598 321 ff729ba88174c701d780fb5be43e770cf5a3e13a1a3352e187e95ca4e66267eecb5fe6af6e31641d821ece60d2fa8f5f40807cf308b334bb7ae1882c393b8e8590338ea3af7dea9a54ab57d0c672f217f08f5f2b3268699470f588af3185f286a800dbb7f5b5ce00e29de1a65e7b9c173881e9cafc4c4d16241cecb0e734132d
CTE 1 -15 -263 1040 577 1496 -1286 312 -759 -28 -1461 -774 -1114 1618 1605 -88 496 1591 448 1507 -540 1562 -1427 1029 -691 -1620 271 -143 179 1599 -655 1257 62 818 -1020 39 -1022 1497 -346 -1072 -602 1653 450 -1127 945 1373 873 -573 449 525 -1448 -1047 678 1491 -934 -1659 -828 -1054 -1139 -1327 -224 -559 854 1270 498 -1267 302 1177 255 -1325 1402 738 561 408 -421 -1587 1569 -895 43 -874 1130 -1292 1536 139 -811 -1512 561 28 489 360 -1019 -389 -370 -392 -4 -1353 614 -412 249 1068 1265 -1390 -191 -1360 1150 -1089 -1231 1070 -50 1104 227 1394 1548 -1165 1014 159 -1614 -120 1251 1244 282 -692 -462 646 -1200 212 1497 -1622 1610 1281 -818 859 -1041 -475 907 -124 546 1406 -443 -283 1428 -58 611 1066 -1308 -614 -892 -846 -122 1331 -1216 -315 -396 -543 641 260 1300 958 -306 166 -98 -1287 -1247 -1088 882 -1278 -1126 1111 918 1237 -930 -928 -873 -17 -1515 233 763 1219 -1295 -1253 -736 -1532 -1021 -1156 112 2 1494 -1367 -265 85 431 -1095 987 -823 1477 -1058 1167 -84 313 -307 24 887 -1601 1313 -23 847 1202 -363 1566 1570 -661 1040 828 506 -1589 -597 -309 -891 -263 -408 1001 143 -1229 618 -118 -825 422 -302 1565 -462 -1244 840 1258 -1016 -625 1475 543 -442 581 -706 -220 842 385 439 -1084 687 1258 -853 449 1266 1231 -857 659 -1555 904 1037 -854 343a75515a3d766735dc1342dcd76be82dc93618ff2f77c60eb72529e80569f7
CTE 10 1517 -1324 -1106 -663 293 697 46 1191 -298 -316 -1289 -185 -574 232 -1156 188 1325 -1109 -687 667 561 573 632 -1404 631 -582 -974 1390 -294 799 -1068 -1162 -1649 -482 1142 -175 -678 1442 685 -177 -985 -904 783 580 1658 -1352 197 -1533 -12 -927 1542 1032 -1098 -404 1433 1085 1357 -101 855 760 958 1628 1462 -1598 -1015 -847 23 253 -1529 -1079 498 -82 -1180 668 -3 -953 -287 464 -1126 -585 -665 662 -304 -1445 964 1547 -1509 1291 1084 1561 -1072 -13 373 793 -1245 260 -250 21 891 1159 649 1440 2 1415 -511 325 234 1163 11 113 -1184 654 -1195 490 -311 486 468 106 57 -1565 -351 -1441 -452 1307 859 110 1334 -122 783 -346 1415 1570 -416 766 -1379 -664 -1155 166 -672 394 -40 -1452 284 1182 -1233 491 -685 568 -410 1026 -44 -698 -1384 1329 1062 -154 573 62 645 1634 -992 -756 996 1394 62 657 -1162 -1371 -1261 464 1581 -1132 -1157 537 694 192 -1662 -452 -665 1318 -439 -1567 -334 -960 -1408 141 179 508 -37 -1086 -204 1171 734 -719 -1477 -410 -1537 199 -379 -404 -336 377 -1078 1517 1516 271 -819 -834 -455 1172 -1423 -864 -371 -214 271 -1599 -960 938 1194 629 -837 519 926 -697 -880 -1460 998 -1230 -411 1308 -383 -543 57 1257 -1112 -293 1186 1526 159 36 -1341 -971 -750 -406 -1170 1246 1166 -860 -563 -923 1285 -700 389 1058 -454 1573 d3a5c92acd5a58e3805ba47f4ee7f14f1fc1a90e98adda7233adc0220c94c2344d2d6ba6db73eba605b2fd95f22ff3368df2d1aa1b8f2cfe81d9038afc8fab5d4fae129e9b53a1857f903a27d5271c85c8ee7b80132ad29ac9f99536f3ffb6a83f622ad33333233a9129710763634d81672bff73d0132814b31b205159c8ec16c06c6393818459038c406932905e027a25908420c187941759b7640889a099f6f1583edb7880b38325cd9dce10731ef40779055b855ed2f22b82f3247fca56667654f4b04c60cc7dcf5e2c536b1328b3a9967c3e621ea99c9652cd0e01d63d7365797b9879b64fae700327f5cb1a3c5ae28caca3e027f6b038e199d341eb74d24d41f0bf74a7a5a4bd8efb3e0585d986f45630ff82d291caf1fe3893a1824ba678d6120ca6aae96d5517c30264569bf1e098fe75d6bd5393bb58ca7814453779
CTE 4 -545 -139 1628 1047 483 -1190 752 449 -727 -432 -925 1068 -739 -531 -1122 957 1071 -1296 231 -1352 139 499 -1362 510 -1479 -1636 792 738 -499 536 -637 70 1625 664 -1307 -991 -497 1431 -888 -657 -930 -521 1343 581 -1546 -901 1573 -1047 -1527 883 226 1410 731 -89 -1654 383 -1418 -928 -1402 613 1517 977 -191 -350 1032 316 1543 -1534 452 -471 407 935 1138 468 1384 513 -952 768 1529 1494 -988 -1205 826 120 -701 1073 140 579 1502 -615 1557 1269 1576 1291 -698 -601 339 564 -758 712 807 379 -594 -1520 -835 780 1263 -1449 681 172 -927 -333 -1043 827 -1592 828 368 1638 116 399 145 1297 -587 1606 -1538 -1367 -1196 -935 666 956 561 709 1578 1294 -690 888 -1066 -1443 -391 78 -1491 1185 -377 880 1360 488 1533 -580 1470 747 377 -1302 998 427 -962 -113 -621 -648 -1010 371 1164 1035 776 1558 197 -1414 -371 17 248 -172 1197 -778 1218 -1492 -1139 341 1430 1454 796 -1113 -1072 1385 200 472 1387 -1504 -1651 -679 14 488 -1085 -1290 -55 613 -444 268 74 -1351 -1524 1120 1272 1462 1342 844 -723 -453 -627 -1178 596 -675 49 226 -1312 -734 -174 -400 -284 838 -770 -1502 -1007 -14 733 997 -1425 1356 -259 660 1181 755 -938 230 -55 -791 -103 -113 1536 -1463 -782 50 -242 -655 -912 1585 586 1629 -993 302 -830 -25 -786 768 251 1447 -401 271 fd58a224ed5cdc5ba5a1212989443e0d38ba7edcdc36c9b849710428c93957ef2597e24225274b77ab145d31d76768dd323c249d4c9613ec4b488221618d99ca5333684d9b0e694e27d747a225fbdd2b5674910ef1c6962b77b47b2197d820ab301ea0597646edadd310caef4f9c0b54793f461bc0f0970cdf8c831b0c4c711e
CTE 1 167 343 902 1117 -921 331 -827 549 -96 52 -1366 -1471 1167 -532 -178 -540 879 -1588 461 -919 1373 -590 433 -55 659 996 1265 -773 -564 -1241 -185 -1430 -1036 1318 1518 -191 -1103 1472 -678 1299 -1176 -1581 -345 -90 178 -1324 -102 -332 -615 1492 463 1077 -1440 -427 -51 826 -688 336 -1497 -896 -1047 440 774 -1142 -1534 -810 -385 18 72 296 564 1178 -1107 453 1230 581 -598 -379 1307 186 1064 -120 -1062 -826 -516 527 1255 176 -4 -1105 -81 452 -208 -739 -1244 -468 -147 -252 839 -781 -1090 -1498 -1564 1396 918 313 654 -1618 1648 1455 1379 -444 1041 1082 -1390 -779 622 1159 -217 1066 -1164 1509 -132 -704 1544 926 -601 -1296 1610 87 -1174 -57 354 -1418 342 -94 -320 -499 372 1216 -518 -757 -1015 -16 -837 282 1482 -982 -228 1060 1253 -682 467 -1283 1378 -264 65 1629 -1047 295 722 -612 1208 601 -401 1203 -1570 -61 -1172 -172 -1407 -8 -550 -1441 -120 365 735 -436 256 1281 -331 -627 -1368 -1568 -1520 -243 -339 -136 653 -447 -592 1072 -903 966 258 -90 856 -266 -179 -1537 695 1233 -778 1495 -1355 905 -1469 878 559 19 846 38 -1404 -533 -1385 236 177 -100 -88 -1508 1628 -1108 1135 412 -547 -400 363 -188 273 -1578 -1051 815 -876 -559 -729 -607 1121 -763 -704 468 -1661 563 -51 -1650 -684 576 357 999 1470 581 -1341 893 632 1166 1598 -298 1c1c1ba6b7231a9c81454542f479a7b325486d666425c88193fa54786011896d
CTE 10 -583 -245 -1239 -1585 -381 1635 1268 -813 1184 -42 1148 -1024 -877 -1005 -1011 -300 882 1159 345 1633 645 -462 -151 35 -494 -162 1403 1072 523 377 -694 983 -643 -181 -333 1228 -936 440 1356 -1148 -1405 -1383 -1246 1222 -394 -1203 185 434 1498 1118 304 -1499 -999 881 26 310 -1446 -253 -625 -37 414 1364 1598 1177 -58 -628 1268 936 -633 -158 1267 1132 -326 -913 -297 1445 -825 645 -1135 660 58 962 1231 -1150 887 1368 -563 1617 -1006 -1152 -842 -121 880 1077 -469 -718 1006 -908 -1608 268 734 1177 1574 -1117 -567 1152 -554 53 -632 922 1063 -40 -81 1118 -1096 -1465 -1020 1257 -1180 -1491 -871 -493 -204 1331 541 1619 -1172 -7 -313 -1556 558 314 -963 -135 -1389 -398 133 1614 996 -502 -748 -60 1292 866 7 1470 -1083 696 -70 1100 1178 -777 572 -507 1613 -1063 147 -947 -1226 614 -635 335 108 -1171 -1042 -339 -1586 -558 654 665 -1076 -543 897 -25 -542 -345 -732 -1333 311 -841 -166 594 -601 625 -1455 -1043 -1401 -1635 1451 -397 1081 -1343 -1648 -917 -287 316 -1092 1567 -836 9 319 -1533 34 -225 1641 628 -43 618 -1428 -784 591 862 1026 887 -631 -529 -892 -473 -642 1633 151 675 1305 -1472 -944 -1555 -973 543 -1178 1100 -1359 -554 -194 -1566 1422 612 -395 -1407 442 244 -1622 -804 -1404 -171 -1619 1477 495 -579 1654 -661 1581 1348 363 -29 -403 1625 4dd73e28868bdf6798c16ccd1f56b1f22e9b2ce90f95a5867dc6c82dfd02683b0f9b52a1d0b1b24b3a23afb95ee01e12daa7505e19285e873b9a4321cd61e5c58ccd3e84c01743ca0e74fd7f90c69e5aeeff6c18483d3f6f18579c9f5b3a6f021b33ea3212a0b497a7119536757ccb7adaeff60f2d05f7c835a51ba114e2a8451eaa528b6535043e737414fde763f56a8fc60e56698df4a21d7c66a6c877a9ffa087c84a18d85a5fa5e129c02793d91abbdf9842021037ab35ea4ba556c4b0900d5fae2d747b682f3d9f1102a6bf628e21d5c934536bd614e19fb5e51f9b0946bfcddf72343040fe1a6582be19ded498059a8b7a18b08af7ef0062a0a8c0eef90533bf2f493e6c4b423c45e473d7eebebdb37d2e4013d98ede8a58ed29964ae5a5d5c47b581b2f863f89c8120d260ce5f20e1a8789d3fdd56cde6770dc4f387d
CTE 4 512 1063 1480 1623 1481 -1251 310 -17 1224 9 -638 890 -1568 -1626 698 -1088 -734 -339 -74 1302 -152 409 1026 -531 1656 -171 903 949 178 -214 -386 -521 -1391 1012 -347 769 -1279 -581 -293 -790 1373 -927 -799 -1472 1380 -1129 573 -417 1122 -821 -938 -241 -1231 -1027 -1079 -138 -230 -918 100 -1574 -1626 -27 394 -1451 -12 -1276 -348 536 1455 -826 -1579 -949 -350 -1392 1424 748 -1221 706 -348 97 274 -765 381 8 1532 1227 -936 1664 -545 -1378 1109 -67 -345 -913 1521 -201 486 -1623 -1058 1326 935 1049 -116 973 -1438 -795 860 860 -253 136 1262 910 72 403 661 -1197 -1167 1361 1161 1384 192 122 1061 249 53 -89 390 -722 -127 796 552 682 -1490 446 -1533 499 905 186 166 -501 766 -1475 771 -1441 -334 -1042 535 255 -320 -616 1358 887 -383 -893 1353 256 595 -18 -1450 -1146 1419 347 -1210 -706 -899 995 1571 -1081 -1195 1603 -1238 431 -633 -593 -1399 -907 -1508 1250 -262 -638 456 1642 -236 195 -815 532 -1606 84 -862 339 -519 972 -687 -1363 -1225 609 140 1560 1436 346 -674 -1369 1612 370 -1435 1493 585 -1395 1599 -1043 1660 -166 -933 -1254 -297 -1514 -248 -765 -483 -1184 40 -920 852 -73 -1537 1128 863 243 339 -1370 -1303 994 -818 516 913 -369 1316 -857 629 1073 100 -115 -1602 -274 1202 -373 915 -524 1032 806 -810 1182 -806 -924 1475 -1140 5287a701064d88b3ec602fd5f854f1de594edacfc79cb7e3c5fbbafbcf800892a03ec7b89e473a0ec102678c9d05cef7826b545fc9441f4620a37a76111500d24f33292914e19494be13de47ce1703a927da5cb88a2addc969df821f3c082c5e9d3a71279d287993b8f8ac9fcfaec0045914925a2ce4c653f0f8e6d4456cccb7
CTE 1 -962 1177 713 246 -1495 -1136 -525 -1189 -605 -255 834 887 -200 -406 -861 -1632 -1382 1169 -823 1351 1275 -189 -394 1489 8 -845 -1065 -1372 921 -576 75 -130 845 11 -521 207 -1117 410 -1158 -1275 -246 440 1218 47 -702 353 708 -1183 -498 -1160 -491 -1344 1107 991 199 -740 291 -77 -851 1380 31 798 -762 172 956 -1402 -161 52 -299 -512 729 141 1033 -568 -465 1046 1182 -1613 1088 837 -662 -1603 21 -129 -1123 766 -634 -75 58 -524 -265 -1246 1485 755 -1237 572 1028 -1257 192 -807 -1302 1572 -175 -1598 -131 -1541 1297 753 1076 1192 -256 -1569 1072 928 -1027 257 -1367 -183 -966 239 407 -370 300 1083 1006 816 -1415 -754 -1579 1571 -46 111 -723 998 553 1207 -1214 -1429 -1392 229 1023 -21 1572 1023 -771 457 729 -807 373 -149 -1079 447 -48 -1272 1374 1590 -1322 -1650 -981 994 1186 887 1556 1375 -627 1053 1658 1329 276 1514 -1174 110 255 -1026 -1600 -145 -165 -1565 -1218 -226 27 530 634 521 -1209 1515 1568 -1278 -429 413 646 -1154 -1387 662 -690 -1133 1050 -1303 423 433 -401 -460 -220 1520 -657 -654 755 31 246 -1442 -773 748 186 -967 622 -1236 217 -1101 -1237 1652 399 -1030 -1075 647 486 -953 0 867 843 1255 -1177 29 -1621 -727 -1035 1601 -1216 1344 1355 1254 -122 -1023 -460 511 869 -1548 -6 -1213 357 -433 560 969 1459 1512 -1476 -68 b3cc9b1ed1843a0c03f91258b3b65758a3d740feef66068f3908a26e7afdb278
CTD 10 549709ca6d1692a375a8e987a691312797392284c2c5cbcadbd04fec6ddcab6efe4e197dfae194c394ca8cdc32f90a3128b8df5f67be04fc026d8d03dbe2c7eebc68b62647a178ed1f4fb06cf8421b81299ecdefcdb72479cc2b2c370720a842241ad34f480a4907fb62a4bcca46b8b610db02d563fd6a2661a962b8470553ee773c8f3f2a493bd89e234fcb7aa6039b31515fea113f3dc578bcd040d05db066f4cbefb7c6da5f53d5a59d7950ec53cc12bcf1e7b277eb12f62b7f9a8bfade5de86cd25c3838488205cb479bdd85c0f574e918930f4f767d4533e74c47406bd4faaaaa6f93e4daae894c7e3ffd8619b0f738551856f3629aee37537a288e7fdda610d681582a5960431986bf898b3b1c89e34d1e1fc5902d4d5138e71b6a9beb5df69fdb3bac6e2a2abb9d26e14cb26601d0d4f318bc79520b521f8b80c483d3 2770 1993 520 1427 1736 741 2789 2188 3254 1356 917 644 2624 1993 1778 1717 1463 2448 559 2858 3173 2559 2386 2864 2220 3001 777 328 2071 410 1086 2542 2146 2659 1482 660 2474 215 2090 2393 3222 1531 3244 59 2484 2705 696 46 2376 1638 2432 2454 2003 1395 371 2097 1222 3313 783 2292 351 618 1417 1678 1798 2832 2484 2676 595 1902 647 569 2640 1499 1665 2185 215 2110 992 1037 1899 1879 377 3264 319 2630 556 920 2263 146 1408 36 3189 2783 2233 497 1148 553 2932 930 2513 2978 2906 783 2962 2129 475 770 2367 751 787 2643 2061 757 1404 644 2760 2155 930 819 1031 1824 3144 2711 208 2874 2513 1333 3290 3283 2906 2581 3205 699 1109 2155 1343 98 2305 1089 2328 2510 2585 3014 3075 2383 982 3199 2637 2181 601 3257 1554 1739 2334 2734 299 1710 426 1694 2513 1619 1417 2880 432 1196 2754 3033 2575 3238 780 1538 1239 679 2038 998 231 2341 1060 3261 2217 3257 1008 2971 2373 2012 650 1642 1037 1453 1326 2289 803 1086 1265 1118 2454 2159 2422 725 1934 1762 735 1658 2383 133 1148 1687 1951 1905 1681 875 1746 3228 504 1814 192 1895 1847 1011 2594 1063 871 592 1083 1730 2038 361 2841 2412 1554 3202 3014 2464 2298 1437 1801 2321 1544 501 731 478 2012 16 676 796 1297 2445 2058 2354 936 406 452 936 195 2750
CTD 4 245db26fd3f4260f42897a48d4f05a523193091d54022bc6d7abb70c87b1ba7e5d4686fea775885079926a7122e7164dbb224c7d6a9cf2101f2c5d24567faa44a46147e7bb8324b531a935e828722059a593effb1e460fce9115c50670fde2500a95a1b88f5a4bdd8efa579ea5c7a539b03fcff08cef21fa1f04e82118c78136 832 416 2705 1040 416 2289 3121 1248 624 2705 832 3121 1248 416 3121 0 416 832 1873 1665 2081 1456 1665 832 832 2705 0 3121 2081 1040 416 1040 208 624 624 1873 1873 0 2705 208 832 1040 416 0 2289 416 1248 2497 1456 2705 2289 2081 1456 2289 2497 0 1456 1665 208 2289 2081 2289 2913 1456 2705 1040 1248 832 1248 1665 2913 3121 1456 2081 1040 1456 1665 1665 0 1040 1873 1456 416 1873 2081 1248 208 1456 416 416 1456 2913 1248 208 2705 832 2289 2289 416 416 2497 832 2705 1456 2081 1248 2497 1873 416 3121 0 208 3121 208 2497 416 2705 1040 832 416 1248 1040 3121 1456 2081 2081 832 832 832 2081 208 1248 1456 832 1456 2913 2289 2289 624 1665 832 416 1040 2289 208 624 1873 2081 1040 624 1665 2913 1665 416 416 1456 0 416 1873 1040 1040 2081 624 1873 3121 2913 2289 3121 2913 208 1248 832 3121 0 2913 2497 208 1873 1040 208 1040 2497 1248 0 0 1456 2705 3121 416 2913 0 1040 2081 0 1040 1873 208 2081 1665 2289 3121 1665 2081 1040 2289 832 2705 2705 2913 1665 2081 3121 1456 1040 2913 1873 1040 2081 1456 2497 1040 2081 1873 624 0 2289 3121 624 3121 2497 0 3121 2497 1665 3121 2913 208 416 2081 3121 3121 208 832 0 1665 2913 208 416 1665 208 1456 2497 208 1665 1248 624
CTD 1 b333338e2f77233ccd55a8ae2b3fe054712b5863b36c679f96bd56fad17bdc51 1665 1665 0 0 1665 1665 0 1665 1665 1665 0 0 1665 1665 0 0 1665 1665 0 0 1665 1665 0 0 0 1665 1665 1665 0 0 0 1665 1665 1665 1665 1665 0 1665 0 0 1665 1665 1665 0 1665 1665 1665 0 1665 1665 0 0 0 1665 0 0 0 0 1665 1665 1665 1665 0 0 1665 0 1665 1665 0 0 1665 1665 1665 0 1665 0 1665 0 1665 0 0 0 0 1665 0 1665 0 1665 0 1665 1665 1665 0 1665 0 1665 1665 1665 0 1665 0 1665 0 0 1665 1665 1665 1665 1665 1665 0 0 0 0 0 0 0 1665 1665 1665 0 0 1665 0 1665 0 1665 0 1665 0 0 0 1665 1665 1665 0 1665 1665 0 1665 0 1665 0 0 0 0 0 1665 1665 0 1665 0 1665 1665 0 0 0 1665 1665 0 1665 1665 0 0 1665 1665 0 1665 0 0 1665 1665 0 1665 1665 0 1665 1665 1665 0 0 1665 1665 0 1665 1665 1665 1665 1665 0 0 1665 0 1665 1665 0 1665 0 0 1665 1665 0 1665 1665 1665 1665 0 1665 0 1665 1665 0 1665 0 1665 0 0 1665 0 1665 1665 1665 1665 1665 1665 0 0 0 1665 0 1665 1665 1665 1665 0 1665 1665 1665 1665 0 0 0 1665 1665 1665 0 1665 1665 1665 0 0 0 1665 0 1665 0
CTD 10 0ac3b892b731fceb32cf30f5f9df696cd110cf2b361cd6a10ae9d7910395a5c266aea4b2fea6bca038200ee4b7c921e7e84cba163ef759757d85fcb5c9eac6e873d5ab9b0775f18301880cc35caac5b4ef5f0c083457ab90968b59e044a91bbd3f499c0ad8fe17ee01fd5959a6851e8490ee9e548765a258e730550cf084f9d9387d4e7b5cee87bf37aedc912d7889a6c84140613a9287c13b3bbea3e7d232748e61024e7eafa6ade713506aab89391bbcd4b13894ef2d87588cd80e9fffbb4d1e2b091908675b25f1f5b9ea5acfe0956160ca495507b0467cd4590f4e252fe9847939ba4e0359b809318119ef2575fd48acb7638a99a562c8807d95c77094f540fca8fc0ee081f4fb12e763e018efe4002ebea376fc525ca15df07f7a961306fe159f10a1106111fbde1cdf013b956e1ace26e2928d4c31a1837b0ca314cb17 2529 1821 972 2386 159 2493 2646 2692 988 2071 1661 1375 1183 169 783 569 176 1271 1759 137 3254 380 185 1938 2201 1404 2412 2139 2243 1453 3153 2087 182 2939 1873 2389 1486 1482 2126 998 2269 2929 2871 1167 1213 1141 3147 2363 2318 1437 2120 1505 3189 2425 393 1521 3280 312 416 163 634 2155 293 2350 3274 2572 416 676 2780 137 1174 1814 289 1014 2146 358 3111 1921 1469 137 2367 1661 2396 23 1655 1944 1993 1736 98 107 2422 2064 2770 1148 1788 1151 751 1079 640 3121 1261 2074 2955 1625 2750 2594 2409 1765 3118 2955 1489 1895 146 1970 2003 2607 211 260 3036 1899 1271 2445 3079 2471 3027 601 2643 1508 1294 494 728 1642 2233 2838 2061 257 1925 2373 501 748 88 985 2591 735 2978 2897 371 1151 455 3088 1612 3322 1440 2975 2240 117 81 1463 1424 484 1616 2071 2220 1180 673 1222 1746 1252 1489 1099 380 2289 228 933 1343 198 1086 3150 2139 1726 1226 2126 764 42 289 2022 2549 1678 2578 1232 2763 3293 234 1596 1856 1798 1330 549 436 1674 1239 1577 2536 1928 796 2549 2129 3283 46 390 2731 3274 2555 809 1684 322 777 185 2393 2471 2194 2591 985 1200 1356 75 3326 1590 2984 1261 3225 283 517 221 865 1261 2552 3114 1499 2900 2500 1086 2422 341 2334 445 982 1840 1079 247 189 1606 2536 962 575 309
CTD 4 a43197653e6d5252dcc4c3f019600acd9954bc13989937c58a33bd788f84fc42d168ca860e586b68ac30008a0fd2f7e5dfa87cea6454d15db6b113e488be13f03750524bb2b3db179a9eed06fef88541bb93e28dfcfc2b132ce4d473e499cb06504f543442a65e91a1d432a1cf16f59fd9265d5e1a1d4779a585a77d2e3357d7 832 2081 208 624 1456 1873 1040 1248 2913 624 2705 1248 416 1040 416 1040 2497 2705 832 2497 624 2497 0 3121 1873 208 0 1248 2081 0 2705 2497 1873 1873 832 1040 2497 2289 624 208 1665 1873 1873 1873 1456 624 1040 2497 2081 1665 624 624 2705 2289 1665 1456 3121 1665 832 1665 2497 3121 416 832 208 2705 1665 1248 2081 2497 1248 1665 2913 0 1665 1040 2289 1248 1665 1248 2497 2081 0 624 0 0 2081 1665 3121 0 416 2705 1456 3121 1040 2913 3121 2705 1665 2081 2497 1456 2081 2913 832 1248 832 1040 208 2705 2705 1040 1248 2289 208 2289 624 208 832 2913 1665 1665 2913 2289 624 208 0 3121 1456 624 0 1040 416 1040 2289 832 416 2289 624 2289 2289 2705 1456 208 2081 1873 2913 1873 2705 2913 1248 0 2913 3121 1665 3121 1040 1665 208 832 2289 2289 624 1873 416 2913 2705 1665 2497 3121 2497 3121 2289 416 624 208 2497 416 832 2913 832 2705 624 1456 832 2913 1873 1873 2289 2497 1248 0 0 1040 3121 832 832 1040 832 624 416 832 1248 2081 2913 1040 208 1873 208 2081 832 2705 416 624 208 2081 3121 2497 1248 208 1040 3121 3121 1873 1873 2705 1248 416 2705 1040 2913 1040 2081 208 2705 208 1456 832 1873 1456 1040 2081 1040 1665 1456 2081 2705 1456 2913 416 624 624 1456 1040 1456 2705
CTD 1 17d87d3b63ec33c2f712f42a43b58d6d455a8af21e532aa3e0ba9ab8e4abcb5f 1665 1665 1665 0 1665 0 0 0 0 0 0 1665 1665 0 1665 1665 1665 0 1665 1665 1665 1665 1665 0 1665 1665 0 1665 1665 1665 0 0 1665 1665 0 0 0 1665 1665 0 0 0 1665 1665 0 1665 1665 1665 1665 1665 0 0 1665 1665 0 0 0 1665 0 0 0 0 1665 1665 1665 1665 1665 0 1665 1665 1665 1665 0 1665 0 0 1665 0 0 0 0 0 1665 0 1665 1665 1665 1665 0 1665 0 1665 0 1665 0 0 1665 1665 0 0 0 0 1665 0 1665 0 1665 0 1665 1665 0 1665 1665 0 1665 1665 0 0 0 1665 1665 0 1665 1665 0 1665 1665 0 1665 0 1665 0 0 0 1665 0 0 1665 0 1665 1665 0 1665 0 0 1665 0 1665 0 0 0 1665 0 1665 0 0 1665 1665 1665 1665 0 1665 1665 1665 1665 0 0 0 1665 1665 0 0 1665 0 1665 0 0 1665 0 1665 0 1665 0 0 1665 1665 0 0 0 1665 0 1665 0 0 0 0 0 1665 1665 1665 0 1665 0 1665 1665 1665 0 1665 0 1665 0 1665 1665 0 0 1665 0 0 0 1665 1665 1665 0 1665 0 0 1665 0 0 1665 1665 1665 1665 1665 0 1665 0 1665 0 1665 1665 1665 0 1665 0 0 1665 1665 1665 1665 1665 1665 1665 0 1665 0
CTD 10 afba5f702f28aaf1c0976206b58e793c608f820ee13ec038533168fd8ccdf21b03acc5287e2cd299b1ab5106f30f01ec4054289e94be3974ceed00a8cc1d3c632946c7ce472744246e7d7fb476554dc3b3fb0379402f8243d7aa13238dfcde10f569c274f455d6faf6cb6ef9e70909e5c25a15e531039f3ca66c188de3391e6fd0b32b627a114b0fc246d673ed307134ab98e09145c97d9c1fc6e49825ba37bc78287270cfb2933613e7897b03d4012ed7071d46c54d2d910a63d16956b5aad82a89b26eacc17bf896c4de7a075cb58bee1f0958ea3ef89519d19aec2c5fb0e9b37ca07ca88c841c1327cafeec22b6b65ddc0a199acf61da419a5557692bfa20725bc8d0cb1a19119f05c751ec42fb1533943781d73e11c4809a9847e1143fe2c284c2f8d6d59aa1afed286b06727b8b26db2f3390720230c407fe92db9f83e5 2233 3270 2513 614 1795 345 49 1973 1983 1044 764 1580 195 3199 130 189 2396 49 2952 1079 159 2789 673 2672 3283 644 2289 2568 1795 2598 943 1999 3072 345 328 3160 881 2497 46 1096 1795 959 3254 748 2042 2871 46 2185 1495 2520 1830 536 2724 3072 403 510 221 2942 3192 1655 2250 1135 692 2539 3079 826 2965 836 1817 728 1209 2220 2559 2731 3147 2897 884 2071 124 1518 1625 1317 3059 3209 2324 1960 2077 127 862 601 1391 276 1577 663 1612 787 540 1752 679 2958 1850 3144 852 2337 1804 2159 907 975 1713 1404 1157 1505 770 247 2728 2224 494 390 289 2617 406 3248 315 2975 1326 2110 2897 2445 390 449 2520 2695 3075 1365 998 3004 2942 722 1040 23 2646 1629 1508 910 1473 2767 891 137 1154 2042 1164 2357 553 2256 475 2321 358 348 3108 3228 488 3072 3059 94 1131 2435 2419 413 29 2152 3270 3225 1317 228 1395 3075 2640 75 2168 2337 403 2627 2103 1827 429 647 2032 2627 826 608 2815 2373 302 2259 1300 2003 1505 2159 94 2006 2773 1941 2256 3251 1769 2380 432 2715 2324 1892 888 2068 2513 367 2305 868 1648 640 1050 722 2916 3085 894 2549 2081 1788 393 2929 2562 465 150 1726 631 1450 1135 2012 3020 2845 2126 1391 1684 2380 595 501 3209 660 842 1489 7 871 403 3303 2971 3296 185 2984
CTD 4 18e0a3d54a8d992bbc6630f2f115ca89270704f5ddab693d0e1b47a776493ff6b12695012b1bd677b319e4833ec7087c4e7f369f27db31e17c256e70f4b2df03940448e9c40ff5f5a66be1fe4e899d862924ebd26fc2ee314d2e34d24323e28501b63d245861dbf666d0204cb07a659868685b8091137732468eb650773a9cc7 1665 208 0 2913 624 2081 1040 2705 2081 832 2705 1665 1873 1873 2289 416 2497 2289 1248 1248 0 624 416 3121 208 3121 1040 208 2081 2497 1873 1665 1456 416 1456 0 832 0 1040 3121 2705 2705 2289 2081 1873 1248 2705 624 2913 0 2289 208 1456 832 1456 2081 1248 1456 1873 832 3121 624 1248 3121 208 2289 1248 416 1040 1873 208 0 2289 416 2289 208 1248 2705 1456 1456 624 2289 1873 208 832 2913 624 1665 2913 624 1456 2497 1665 0 2497 1456 2913 832 3121 1456 1248 624 3121 1873 1456 416 2289 2705 208 624 208 2913 2497 1456 1040 416 2913 1248 0 1456 832 3121 416 2289 3121 2705 624 0 832 1873 832 0 1665 832 1873 2913 832 2497 3121 0 1040 3121 1040 3121 1248 2081 2289 1248 208 2913 2913 3121 2913 832 1873 1665 2705 1873 1248 1665 1873 416 832 416 2289 2913 416 2705 3121 1248 416 2497 2913 2913 208 624 2705 832 2913 416 832 624 416 2705 624 832 624 416 416 2913 1040 1665 208 0 1248 2289 2705 624 832 416 1665 1040 208 1248 2289 2705 1248 3121 1248 1248 0 2705 0 416 2497 832 0 2289 2081 1456 1040 1248 1665 1873 1665 1248 1665 1248 2289 1040 0 1665 208 1873 624 208 1456 1456 416 624 1248 832 2913 1665 1248 2289 0 1040 1456 1456 2081 624 2497 1873 1456 2497
CTD 1 50d13a025bfbdae8b9034abd362f7dfebf10297978c7815113e02a60efdeda79 0 0 0 0 1665 0 1665 0 1665 0 0 0 1665 0 1665 1665 0 1665 0 1665 1665 1665 0 0 0 1665 0 0 0 0 0 0 1665 1665 0 1665 1665 0 1665 0 1665 1665 0 1665 1665 1665 1665 1665 0 1665 0 1665 1665 0 1665 1665 0 0 0 1665 0 1665 1665 1665 1665 0 0 1665 1665 1665 0 1665 1665 1665 0 0 0 0 0 0 0 1665 0 1665 0 0 1665 0 1665 0 1665 1665 1665 1665 0 1665 0 1665 1665 0 1665 1665 0 0 1665 1665 1665 1665 0 1665 0 0 1665 0 1665 1665 1665 1665 1665 0 0 1665 1665 1665 1665 1665 1665 1665 1665 1665 1665 1665 1665 1665 0 1665 0 0 0 0 1665 0 0 0 1665 0 0 1665 0 1665 0 0 1665 0 0 1665 1665 1665 1665 0 0 0 0 1665 1665 1665 1665 0 1665 1665 1665 0 0 0 1665 1665 1665 0 0 0 0 0 0 1665 1665 0 0 0 1665 0 1665 0 1665 1665 0 0 1665 0 0 0 0 0 0 0 0 1665 1665 1665 0 1665 0 1665 0 1665 0 0 0 0 0 0 0 1665 1665 0 1665 1665 1665 1665 0 1665 1665 1665 0 1665 1665 1665 1665 0 1665 1665 0 1665 0 1665 1665 0 1665 1665 1665 0 0 1665 1665 1665 1665 0
CTD 10 efbf6fa0986e5b0fcab53fc993727104c970d19af166707f575dfcaec8e6dda1f09dee23eca597728b00c664fdae5b4d7dd2b1b79b992afb45e30893fcd1d4f7b46fab07569b0d6cc468ef82568ec8db2b046db9e4440aaa5a895773e776ba3f5690e3f31865d2098f27f4c48898c7b215ccc1cdddaf2a942075de201e5b5b9f302370592948bcf47fd16befd59156d1880b0eff9eee58409b754c061a260fc737888eb347ff76aa24b2f34166f7cd6dd9028e4f69562cefc1f7b5ca66b9f12125d4ccbf48492d8769b17d5a35f7a328f1e74e67b57a2338a8fbe9cce03e803e26615310fe1aa5b8d468783e397d797c2cee996ab296c6c7c728a2dadf8b196b0dec66777569bda43afad6601430e08be211fb4681d9379efe0689c3111d27864ddd3c6142ba867c5334e24bd157f3d5e98b5bf18096e77c5c3da54aae67a894 3274 3274 1684 1983 2854 3192 520 2363 1037 787 2630 1473 845 163 907 2012 2448 81 3300 1135 302 3118 449 3001 1551 130 1557 3101 114 1232 1229 1489 452 1248 1912 3293 3062 2776 3186 2734 3072 2435 1330 553 1648 679 462 1912 1651 1001 2903 2350 2858 1593 1144 2019 42 920 2120 3111 2087 2981 442 2858 140 2708 2984 2971 1886 2087 1385 1785 2780 1547 2854 2422 1869 68 1850 3170 910 497 510 1860 127 1031 455 1983 2311 1183 627 2520 1499 3300 2217 1925 936 3007 1707 390 2793 3192 2526 455 1196 1944 423 2448 3290 309 2279 3111 1525 1365 901 1778 1700 3131 1609 3101 286 2341 2786 992 1684 1268 787 2588 179 3023 2679 930 2493 2175 1905 2315 1622 1300 2880 2676 1187 592 728 1034 2006 2565 2451 2520 1635 2227 2016 2409 1616 1066 1047 2663 621 1931 2354 1756 1174 2848 1375 692 3300 1795 2555 3014 2750 1122 3053 458 182 2425 2181 2663 2393 49 3251 494 2812 65 3228 348 536 982 2123 1564 1034 2750 2988 1616 1808 2064 2214 2318 2152 1616 403 530 2191 3296 614 332 1180 2507 2022 1551 1213 2789 1908 761 2477 172 1060 624 3225 527 930 3264 1060 1977 2903 2055 2490 1876 182 231 2591 1278 702 2877 1027 494 3030 1749 2900 897 1778 985 3176 692 1141 3040 2949 280 49 1957 751 2598 3189 2146 1905 1596 2100 1931
CTD 4 ca0e1bc119d33deaf6df1757afccece085242ef1195d6a1f5c3f556ee5f8551a61d84ee32929319515253bc13d87c2c60fa5517c8e252e38e20ede5eea84fe0be9576eb8291a24e8906fb0de6120ef9274f4b88fd6b8c6a90bb84435fcba1a37ac099d6c2ef991a023225e2b39625f24dc9cc13332df77c6b4b4f022bde1c64e 2081 2497 2913 0 2289 208 208 2497 1873 208 624 2705 2705 624 2081 2913 1248 3121 3121 2705 1456 208 1456 1040 3121 2081 2497 2497 2497 2913 0 2913 1040 1665 832 416 2913 416 208 3121 1873 208 2705 1040 2081 1248 3121 208 2497 1040 3121 624 1040 1040 2913 1248 1040 2913 1665 3121 1040 1040 2081 208 208 1248 1665 2705 2913 832 624 2913 1873 416 1873 416 208 624 1040 1873 1040 208 1040 416 2289 624 208 2497 2705 624 1456 1665 416 2497 1248 2497 3121 0 1040 2081 208 1040 2497 1456 2913 1665 1040 416 2913 416 1665 624 416 2913 2913 0 2913 2705 2913 1040 2081 2913 832 1665 2913 3121 2289 0 1873 2913 1456 1040 2913 1248 1665 2289 1873 416 2081 208 832 416 1665 2913 0 1873 3121 1248 0 2289 2913 2705 208 1248 0 416 3121 2913 416 1873 832 1456 832 3121 1665 2289 3121 1665 1248 2705 1665 2289 1248 2497 1873 2081 2289 0 1665 2289 832 832 1040 624 2497 3121 2081 2289 2081 208 1456 624 2497 2081 1873 0 2705 1873 2497 1248 2913 416 1873 3121 208 1873 0 2081 624 416 416 416 2913 1040 2289 416 1873 624 416 1248 3121 1040 832 416 2497 2705 2497 1873 208 2497 624 624 416 624 3121 2705 1456 1456 1248 2497 832 2289 832 2289 0 3121 416 416 2705 2289 208 2913 1248 2497 2913 832
CTD 1 aa9ba914d0aaa9975c2fadb347cb5b0f05793c8f310a8968104229c24f78bd2a 0 1665 0 1665 0 1665 0 1665 1665 1665 0 1665 1665 0 0 1665 1665 0 0 1665 0 1665 0 1665 0 0 1665 0 1665 0 0 0 0 0 0 0 1665 0 1665 1665 0 1665 0 1665 0 1665 0 1665 1665 0 0 1665 0 1665 0 1665 1665 1665 1665 0 1665 0 0 1665 0 0 1665 1665 1665 0 1665 0 1665 1665 1665 1665 0 1665 0 0 1665 0 1665 1665 0 1665 0 1665 1665 1665 0 0 1665 1665 0 1665 1665 1665 1665 0 0 0 1665 0 1665 1665 0 1665 0 0 1665 1665 1665 1665 0 1665 1665 0 1665 0 1665 1665 1665 1665 0 0 0 0 1665 0 1665 0 0 0 0 0 1665 0 0 1665 1665 1665 1665 0 0 0 1665 1665 1665 1665 0 0 1665 1665 1665 1665 0 0 0 1665 1665 0 0 0 1665 1665 0 0 0 1665 0 1665 0 0 0 0 1665 0 0 1665 0 0 0 1665 0 0 0 1665 0 1665 1665 0 0 0 0 0 1665 0 0 0 0 1665 0 0 0 0 1665 0 1665 0 0 1665 0 1665 0 0 0 1665 0 0 0 0 1665 1665 1665 1665 1665 1665 0 0 1665 0 0 0 0 1665 1665 1665 1665 0 1665 0 1665 1665 1665 1665 0 1665 0 1665 0 1665 0 1665 0 0
