# ML-DSA hint codec vectors.
# HEN  h[6][256] as a flat list of set positions per row, then bytes
# HDE  bytes  valid(1/0)  h[6][256] flat positions if valid
#      malformed cases exercise the three rejection rules:
#      non-monotonic within a row, count above OMEGA, nonzero tail
HEN 5 4 79 102 134 135 1 102 8 12 28 66 85 99 178 187 234 0 5 15 76 97 164 198 6 10 49 75 79 127 228 044f668687660c1c425563b2bbea0f4c61a4c60a314b4f7fe400000000000000000000000000000000000000000000000000000000000005060e0e1319
HDE 044f668687660c1c425563b2bbea0f4c61a4c60a314b4f7fe400000000000000000000000000000000000000000000000000000000000005060e0e1319 1 5 4 79 102 134 135 1 102 8 12 28 66 85 99 178 187 234 0 5 15 76 97 164 198 6 10 49 75 79 127 228
HEN 3 8 152 181 4 14 106 179 201 1 49 3 50 71 151 6 48 104 151 183 244 252 4 82 110 225 243 0898b50e6ab3c931324797306897b7f4fc526ee1f3000000000000000000000000000000000000000000000000000000000000000000000307080b1115
HDE 0898b50e6ab3c931324797306897b7f4fc526ee1f3000000000000000000000000000000000000000000000000000000000000000000000307080b1115 1 3 8 152 181 4 14 106 179 201 1 49 3 50 71 151 6 48 104 151 183 244 252 4 82 110 225 243
HEN 8 12 17 48 96 113 132 133 164 7 27 72 124 138 157 166 255 8 46 65 108 122 142 217 225 239 4 159 163 192 248 8 3 6 110 148 155 208 232 252 0 0c113060718485a41b487c8a9da6ff2e416c7a8ed9e1ef9fa3c0f803066e949bd0e8fc0000000000000000000000000000000000000000080f171b2323
HDE 0c113060718485a41b487c8a9da6ff2e416c7a8ed9e1ef9fa3c0f803066e949bd0e8fc0000000000000000000000000000000000000000080f171b2323 1 8 12 17 48 96 113 132 133 164 7 27 72 124 138 157 166 255 8 46 65 108 122 142 217 225 239 4 159 163 192 248 8 3 6 110 148 155 208 232 252 0
HEN 6 32 77 127 165 174 217 7 25 52 145 147 176 195 244 4 11 137 158 193 5 53 129 186 209 230 9 38 83 93 130 202 223 240 246 254 7 31 39 65 121 230 231 255 204d7fa5aed919349193b0c3f40b899ec13581bad1e626535d82cadff0f6fe1f274179e6e7ff0000000000000000000000000000000000060d11161f26
HDE 204d7fa5aed919349193b0c3f40b899ec13581bad1e626535d82cadff0f6fe1f274179e6e7ff0000000000000000000000000000000000060d11161f26 1 6 32 77 127 165 174 217 7 25 52 145 147 176 195 244 4 11 137 158 193 5 53 129 186 209 230 9 38 83 93 130 202 223 240 246 254 7 31 39 65 121 230 231 255
HEN 2 86 97 7 5 7 66 71 73 185 246 2 4 245 8 2 14 28 55 134 139 189 204 8 9 96 131 142 149 167 185 230 1 30 56610507424749b9f604f5020e1c37868bbdcc0960838e95a7b9e61e00000000000000000000000000000000000000000000000000000002090b131b1c
HDE 56610507424749b9f604f5020e1c37868bbdcc0960838e95a7b9e61e00000000000000000000000000000000000000000000000000000002090b131b1c 1 2 86 97 7 5 7 66 71 73 185 246 2 4 245 8 2 14 28 55 134 139 189 204 8 9 96 131 142 149 167 185 230 1 30
HEN 4 27 132 150 197 3 145 173 221 5 34 105 156 170 251 4 108 122 203 233 8 56 129 149 153 164 219 226 248 4 33 83 143 200 1b8496c591addd22699caafb6c7acbe938819599a4dbe2f821538fc800000000000000000000000000000000000000000000000000000004070c10181c
HDE 1b8496c591addd22699caafb6c7acbe938819599a4dbe2f821538fc800000000000000000000000000000000000000000000000000000004070c10181c 1 4 27 132 150 197 3 145 173 221 5 34 105 156 170 251 4 108 122 203 233 8 56 129 149 153 164 219 226 248 4 33 83 143 200
HEN 0 0 0 0 0 0 00000000000000000000000000000000000000000000000000000000000000000000000000000000000000000000000000000000000000000000000000
HDE 00000000000000000000000000000000000000000000000000000000000000000000000000000000000000000000000000000000000000000000000000 1 0 0 0 0 0 0
HEN 10 0 24 48 72 96 120 144 168 192 216 9 4 28 52 76 100 124 148 172 196 9 8 32 56 80 104 128 152 176 200 9 12 36 60 84 108 132 156 180 204 9 16 40 64 88 112 136 160 184 208 9 20 44 68 92 116 140 164 188 212 00183048607890a8c0d8041c344c647c94acc408203850688098b0c80c243c546c849cb4cc102840587088a0b8d0142c445c748ca4bcd40a131c252e37
HDE 00183048607890a8c0d8041c344c647c94acc408203850688098b0c80c243c546c849cb4cc102840587088a0b8d0142c445c748ca4bcd40a131c252e37 1 10 0 24 48 72 96 120 144 168 192 216 9 4 28 52 76 100 124 148 172 196 9 8 32 56 80 104 128 152 176 200 9 12 36 60 84 108 132 156 180 204 9 16 40 64 88 112 136 160 184 208 9 20 44 68 92 116 140 164 188 212
HDE 4f04668687660c1c425563b2bbea0f4c61a4c60a314b4f7fe400000000000000000000000000000000000000000000000000000000000005060e0e1319 0
HDE 044f668687660c1c425563b2bbea0f4c61a4c60a314b4f7fe400000000000000000000000000000000000000000000000000000000000005060e0e1338 0
HDE 044f668687660c1c425563b2bbea0f4c61a4c60a314b4f7fe400000000000000000000000000000000000000000000000000000000006305060e0e1319 0
HDE 0004080c1014181c2024282c3034383c4044484c5054585c6064686c7074787c8084888c9094989ca0a4a8acb0b4b8bcc0c4c8ccd0d4d80a141e283238 0
HDE 0004080c1014181c2024282c3034383c4044484c5054585c6064686c7074787c8084888c9094989ca0a4a8acb0b4b8bcc0c4c8ccd0d4d80a141e192832 0
HDE 0a141428320000000000000000000000000000000000000000000000000000000000000000000000000000000000000000000000000000050505050505 0
