# Layer 2 reference vectors, generated from the Phase 0 oracles.
# CMP d x compress(d,x)      FIPS 203 sec 4.2.1
# DCP d y decompress(d,y)    FIPS 203 sec 4.2.1
# P2R r r1 r0                FIPS 204 Alg 35
# DEC r r1 r0                FIPS 204 Alg 36
# MKH z r hint               FIPS 204 Alg 39
# USH h r result             FIPS 204 Alg 40
CMP 1 0 0
CMP 1 1 0
CMP 1 83 0
CMP 1 166 0
CMP 1 249 0
CMP 1 332 0
CMP 1 415 0
CMP 1 498 0
CMP 1 581 0
CMP 1 664 0
CMP 1 747 0
CMP 1 830 0
CMP 1 913 1
CMP 1 996 1
CMP 1 1079 1
CMP 1 1162 1
CMP 1 1245 1
CMP 1 1328 1
CMP 1 1411 1
CMP 1 1494 1
CMP 1 1577 1
CMP 1 1660 1
CMP 1 1663 1
CMP 1 1664 1
CMP 1 1665 1
CMP 1 1743 1
CMP 1 1826 1
CMP 1 1909 1
CMP 1 1992 1
CMP 1 2075 1
CMP 1 2158 1
CMP 1 2241 1
CMP 1 2324 1
CMP 1 2407 1
CMP 1 2490 1
CMP 1 2497 0
CMP 1 2573 0
CMP 1 2656 0
CMP 1 2739 0
CMP 1 2822 0
CMP 1 2905 0
CMP 1 2988 0
CMP 1 3071 0
CMP 1 3154 0
CMP 1 3237 0
CMP 1 3320 0
CMP 1 3327 0
CMP 1 3328 0
DCP 1 0 0
DCP 1 1 1665
CMP 4 0 0
CMP 4 1 0
CMP 4 83 0
CMP 4 166 1
CMP 4 249 1
CMP 4 332 2
CMP 4 415 2
CMP 4 498 2
CMP 4 581 3
CMP 4 664 3
CMP 4 747 4
CMP 4 830 4
CMP 4 913 4
CMP 4 996 5
CMP 4 1079 5
CMP 4 1162 6
CMP 4 1245 6
CMP 4 1328 6
CMP 4 1411 7
CMP 4 1494 7
CMP 4 1577 8
CMP 4 1660 8
CMP 4 1663 8
CMP 4 1664 8
CMP 4 1665 8
CMP 4 1743 8
CMP 4 1826 9
CMP 4 1909 9
CMP 4 1992 10
CMP 4 2075 10
CMP 4 2158 10
CMP 4 2241 11
CMP 4 2324 11
CMP 4 2407 12
CMP 4 2490 12
CMP 4 2573 12
CMP 4 2656 13
CMP 4 2739 13
CMP 4 2809 14
CMP 4 2822 14
CMP 4 2905 14
CMP 4 2988 14
CMP 4 3017 15
CMP 4 3071 15
CMP 4 3154 15
CMP 4 3225 0
CMP 4 3237 0
CMP 4 3320 0
CMP 4 3327 0
CMP 4 3328 0
DCP 4 0 0
DCP 4 1 208
DCP 4 2 416
DCP 4 3 624
DCP 4 4 832
DCP 4 5 1040
DCP 4 6 1248
DCP 4 7 1456
DCP 4 8 1665
DCP 4 9 1873
DCP 4 10 2081
DCP 4 11 2289
DCP 4 12 2497
DCP 4 13 2705
DCP 4 14 2913
DCP 4 15 3121
CMP 10 0 0
CMP 10 1 0
CMP 10 83 26
CMP 10 166 51
CMP 10 249 77
CMP 10 332 102
CMP 10 415 128
CMP 10 498 153
CMP 10 581 179
CMP 10 664 204
CMP 10 747 230
CMP 10 830 255
CMP 10 913 281
CMP 10 996 306
CMP 10 1079 332
CMP 10 1162 357
CMP 10 1245 383
CMP 10 1328 408
CMP 10 1411 434
CMP 10 1494 460
CMP 10 1577 485
CMP 10 1660 511
CMP 10 1663 512
CMP 10 1664 512
CMP 10 1665 512
CMP 10 1743 536
CMP 10 1826 562
CMP 10 1909 587
CMP 10 1992 613
CMP 10 2075 638
CMP 10 2079 640
CMP 10 2158 664
CMP 10 2241 689
CMP 10 2324 715
CMP 10 2407 740
CMP 10 2490 766
CMP 10 2573 791
CMP 10 2656 817
CMP 10 2739 843
CMP 10 2822 868
CMP 10 2905 894
CMP 10 2988 919
CMP 10 3071 945
CMP 10 3154 970
CMP 10 3237 996
CMP 10 3320 1021
CMP 10 3327 1023
CMP 10 3328 0
DCP 10 0 0
DCP 10 1 3
DCP 10 25 81
DCP 10 50 163
DCP 10 75 244
DCP 10 100 325
DCP 10 125 406
DCP 10 150 488
DCP 10 175 569
DCP 10 200 650
DCP 10 225 731
DCP 10 250 813
DCP 10 275 894
DCP 10 300 975
DCP 10 325 1057
DCP 10 350 1138
DCP 10 375 1219
DCP 10 400 1300
DCP 10 425 1382
DCP 10 450 1463
DCP 10 475 1544
DCP 10 500 1625
DCP 10 525 1707
DCP 10 550 1788
DCP 10 575 1869
DCP 10 600 1951
DCP 10 625 2032
DCP 10 650 2113
DCP 10 675 2194
DCP 10 700 2276
DCP 10 725 2357
DCP 10 750 2438
DCP 10 775 2520
DCP 10 800 2601
DCP 10 825 2682
DCP 10 850 2763
DCP 10 875 2845
DCP 10 900 2926
DCP 10 925 3007
DCP 10 950 3088
DCP 10 975 3170
DCP 10 1000 3251
DCP 10 1022 3322
DCP 10 1023 3326
CMP 12 0 0
CMP 12 1 1
CMP 12 83 102
CMP 12 166 204
CMP 12 249 306
CMP 12 332 408
CMP 12 415 511
CMP 12 498 613
CMP 12 581 715
CMP 12 664 817
CMP 12 747 919
CMP 12 830 1021
CMP 12 913 1123
CMP 12 996 1225
CMP 12 1079 1328
CMP 12 1162 1430
CMP 12 1245 1532
CMP 12 1328 1634
CMP 12 1352 1664
CMP 12 1411 1736
CMP 12 1494 1838
CMP 12 1577 1940
CMP 12 1660 2042
CMP 12 1663 2046
CMP 12 1664 2047
CMP 12 1665 2049
CMP 12 1743 2145
CMP 12 1826 2247
CMP 12 1909 2349
CMP 12 1977 2432
CMP 12 1992 2451
CMP 12 2075 2553
CMP 12 2158 2655
CMP 12 2241 2757
CMP 12 2324 2859
CMP 12 2407 2962
CMP 12 2490 3064
CMP 12 2573 3166
CMP 12 2602 3201
CMP 12 2656 3268
CMP 12 2739 3370
CMP 12 2806 3453
CMP 12 2822 3472
CMP 12 2905 3574
CMP 12 2988 3676
CMP 12 3071 3779
CMP 12 3154 3881
CMP 12 3227 3970
CMP 12 3237 3983
CMP 12 3320 4085
CMP 12 3327 4094
CMP 12 3328 4095
DCP 12 0 0
DCP 12 1 1
DCP 12 102 83
DCP 12 204 166
DCP 12 306 249
DCP 12 408 332
DCP 12 510 414
DCP 12 612 497
DCP 12 714 580
DCP 12 816 663
DCP 12 918 746
DCP 12 1020 829
DCP 12 1122 912
DCP 12 1224 995
DCP 12 1326 1078
DCP 12 1428 1161
DCP 12 1530 1243
DCP 12 1632 1326
DCP 12 1734 1409
DCP 12 1836 1492
DCP 12 1938 1575
DCP 12 2040 1658
DCP 12 2142 1741
DCP 12 2244 1824
DCP 12 2346 1907
DCP 12 2448 1990
DCP 12 2550 2072
DCP 12 2652 2155
DCP 12 2754 2238
DCP 12 2856 2321
DCP 12 2958 2404
DCP 12 3060 2487
DCP 12 3162 2570
DCP 12 3264 2653
DCP 12 3366 2736
DCP 12 3468 2819
DCP 12 3570 2901
DCP 12 3672 2984
DCP 12 3774 3067
DCP 12 3876 3150
DCP 12 3978 3233
DCP 12 4080 3316
DCP 12 4094 3327
DCP 12 4095 3328
P2R 0 0 0
P2R 1 0 1
P2R 4096 0 4096
P2R 4097 1 -4095
P2R 8191 1 -1
P2R 8192 1 0
P2R 8193 1 1
P2R 139673 17 409
P2R 279346 34 818
P2R 419019 51 1227
P2R 558692 68 1636
P2R 698365 85 2045
P2R 838038 102 2454
P2R 977711 119 2863
P2R 1117384 136 3272
P2R 1257057 153 3681
P2R 1396730 170 4090
P2R 1536403 188 -3693
P2R 1676076 205 -3284
P2R 1815749 222 -2875
P2R 1955422 239 -2466
P2R 2095095 256 -2057
P2R 2234768 273 -1648
P2R 2374441 290 -1239
P2R 2514114 307 -830
P2R 2653787 324 -421
P2R 2793460 341 -12
P2R 2933133 358 397
P2R 3072806 375 806
P2R 3212479 392 1215
P2R 3352152 409 1624
P2R 3491825 426 2033
P2R 3631498 443 2442
P2R 3771171 460 2851
P2R 3910844 477 3260
P2R 4050517 494 3669
P2R 4190190 511 4078
P2R 4329863 529 -3705
P2R 4469536 546 -3296
P2R 4609209 563 -2887
P2R 4748882 580 -2478
P2R 4888555 597 -2069
P2R 5028228 614 -1660
P2R 5167901 631 -1251
P2R 5307574 648 -842
P2R 5447247 665 -433
P2R 5586920 682 -24
P2R 5726593 699 385
P2R 5866266 716 794
P2R 6005939 733 1203
P2R 6145612 750 1612
P2R 6285285 767 2021
P2R 6424958 784 2430
P2R 6564631 801 2839
P2R 6704304 818 3248
P2R 6843977 835 3657
P2R 6983650 852 4066
P2R 7123323 870 -3717
P2R 7262996 887 -3308
P2R 7402669 904 -2899
P2R 7542342 921 -2490
P2R 7682015 938 -2081
P2R 7821688 955 -1672
P2R 7961361 972 -1263
P2R 8101034 989 -854
P2R 8240707 1006 -445
P2R 8380380 1023 -36
P2R 8380416 1023 0
DEC 0 0 0
DEC 1 0 1
DEC 139673 0 139673
DEC 261887 0 261887
DEC 261888 0 261888
DEC 261889 1 -261887
DEC 279346 1 -244430
DEC 419019 1 -104757
DEC 523775 1 -1
DEC 523776 1 0
DEC 523777 1 1
DEC 558692 1 34916
DEC 698365 1 174589
DEC 838038 2 -209514
DEC 977711 2 -69841
DEC 1047551 2 -1
DEC 1047552 2 0
DEC 1047553 2 1
DEC 1117384 2 69832
DEC 1257057 2 209505
DEC 1396730 3 -174598
DEC 1536403 3 -34925
DEC 1571327 3 -1
DEC 1571328 3 0
DEC 1571329 3 1
DEC 1676076 3 104748
DEC 1815749 3 244421
DEC 1955422 4 -139682
DEC 2095095 4 -9
DEC 2095103 4 -1
DEC 2095104 4 0
DEC 2095105 4 1
DEC 2234768 4 139664
DEC 2374441 5 -244439
DEC 2514114 5 -104766
DEC 2618879 5 -1
DEC 2618880 5 0
DEC 2618881 5 1
DEC 2653787 5 34907
DEC 2793460 5 174580
DEC 2933133 6 -209523
DEC 3072806 6 -69850
DEC 3142655 6 -1
DEC 3142656 6 0
DEC 3142657 6 1
DEC 3212479 6 69823
DEC 3352152 6 209496
DEC 3491825 7 -174607
DEC 3631498 7 -34934
DEC 3666431 7 -1
DEC 3666432 7 0
DEC 3666433 7 1
DEC 3771171 7 104739
DEC 3910844 7 244412
DEC 4050517 8 -139691
DEC 4190190 8 -18
DEC 4190207 8 -1
DEC 4190208 8 0
DEC 4190209 8 1
DEC 4329863 8 139655
DEC 4469536 9 -244448
DEC 4609209 9 -104775
DEC 4713983 9 -1
DEC 4713984 9 0
DEC 4713985 9 1
DEC 4748882 9 34898
DEC 4888555 9 174571
DEC 5028228 10 -209532
DEC 5167901 10 -69859
DEC 5237759 10 -1
DEC 5237760 10 0
DEC 5237761 10 1
DEC 5307574 10 69814
DEC 5447247 10 209487
DEC 5586920 11 -174616
DEC 5726593 11 -34943
DEC 5761535 11 -1
DEC 5761536 11 0
DEC 5761537 11 1
DEC 5866266 11 104730
DEC 6005939 11 244403
DEC 6145612 12 -139700
DEC 6285285 12 -27
DEC 6285311 12 -1
DEC 6285312 12 0
DEC 6285313 12 1
DEC 6424958 12 139646
DEC 6564631 13 -244457
DEC 6704304 13 -104784
DEC 6809087 13 -1
DEC 6809088 13 0
DEC 6809089 13 1
DEC 6843977 13 34889
DEC 6983650 13 174562
DEC 7123323 14 -209541
DEC 7262996 14 -69868
DEC 7332863 14 -1
DEC 7332864 14 0
DEC 7332865 14 1
DEC 7402669 14 69805
DEC 7542342 14 209478
DEC 7682015 15 -174625
DEC 7821688 15 -34952
DEC 7856639 15 -1
DEC 7856640 15 0
DEC 7856641 15 1
DEC 7961361 15 104721
DEC 8101034 15 244394
DEC 8118528 15 261888
DEC 8118529 0 -261888
DEC 8118530 0 -261887
DEC 8240707 0 -139710
DEC 8380380 0 -37
DEC 8380415 0 -2
DEC 8380416 0 -1
MKH -523776 0 1
MKH -261889 0 1
MKH -261888 0 0
MKH -1 0 0
MKH 0 0 0
MKH 1 0 0
MKH 261888 0 0
MKH 261889 0 1
MKH 523776 0 1
MKH -523776 1 1
MKH -261889 1 0
MKH -261888 1 0
MKH -1 1 0
MKH 0 1 0
MKH 1 1 0
MKH 261888 1 1
MKH 261889 1 1
MKH 523776 1 1
MKH -523776 261888 0
MKH -261889 261888 0
MKH -261888 261888 0
MKH -1 261888 0
MKH 0 261888 0
MKH 1 261888 1
MKH 261888 261888 1
MKH 261889 261888 1
MKH 523776 261888 1
MKH -523776 261889 1
MKH -261889 261889 1
MKH -261888 261889 1
MKH -1 261889 1
MKH 0 261889 0
MKH 1 261889 0
MKH 261888 261889 0
MKH 261889 261889 0
MKH 523776 261889 1
MKH -523776 523776 1
MKH -261889 523776 1
MKH -261888 523776 1
MKH -1 523776 0
MKH 0 523776 0
MKH 1 523776 0
MKH 261888 523776 0
MKH 261889 523776 1
MKH 523776 523776 1
MKH -523776 698368 1
MKH -261889 698368 0
MKH -261888 698368 0
MKH -1 698368 0
MKH 0 698368 0
MKH 1 698368 0
MKH 261888 698368 1
MKH 261889 698368 1
MKH 523776 698368 1
MKH -523776 1396736 1
MKH -261889 1396736 1
MKH -261888 1396736 1
MKH -1 1396736 0
MKH 0 1396736 0
MKH 1 1396736 0
MKH 261888 1396736 0
MKH 261889 1396736 0
MKH 523776 1396736 1
MKH -523776 2095104 1
MKH -261889 2095104 1
MKH -261888 2095104 1
MKH -1 2095104 0
MKH 0 2095104 0
MKH 1 2095104 0
MKH 261888 2095104 0
MKH 261889 2095104 1
MKH 523776 2095104 1
MKH -523776 2793472 1
MKH -261889 2793472 0
MKH -261888 2793472 0
MKH -1 2793472 0
MKH 0 2793472 0
MKH 1 2793472 0
MKH 261888 2793472 1
MKH 261889 2793472 1
MKH 523776 2793472 1
MKH -523776 3491840 1
MKH -261889 3491840 1
MKH -261888 3491840 1
MKH -1 3491840 0
MKH 0 3491840 0
MKH 1 3491840 0
MKH 261888 3491840 0
MKH 261889 3491840 0
MKH 523776 3491840 1
MKH -523776 4190208 1
MKH -261889 4190208 1
MKH -261888 4190208 1
MKH -1 4190208 0
MKH 0 4190208 0
MKH 1 4190208 0
MKH 261888 4190208 0
MKH 261889 4190208 1
MKH 523776 4190208 1
MKH -523776 4888576 1
MKH -261889 4888576 0
MKH -261888 4888576 0
MKH -1 4888576 0
MKH 0 4888576 0
MKH 1 4888576 0
MKH 261888 4888576 1
MKH 261889 4888576 1
MKH 523776 4888576 1
MKH -523776 5586944 1
MKH -261889 5586944 1
MKH -261888 5586944 1
MKH -1 5586944 0
MKH 0 5586944 0
MKH 1 5586944 0
MKH 261888 5586944 0
MKH 261889 5586944 0
MKH 523776 5586944 1
MKH -523776 6285312 1
MKH -261889 6285312 1
MKH -261888 6285312 1
MKH -1 6285312 0
MKH 0 6285312 0
MKH 1 6285312 0
MKH 261888 6285312 0
MKH 261889 6285312 1
MKH 523776 6285312 1
MKH -523776 6983680 1
MKH -261889 6983680 0
MKH -261888 6983680 0
MKH -1 6983680 0
MKH 0 6983680 0
MKH 1 6983680 0
MKH 261888 6983680 1
MKH 261889 6983680 1
MKH 523776 6983680 1
MKH -523776 7682048 1
MKH -261889 7682048 1
MKH -261888 7682048 1
MKH -1 7682048 0
MKH 0 7682048 0
MKH 1 7682048 0
MKH 261888 7682048 0
MKH 261889 7682048 0
MKH 523776 7682048 1
MKH -523776 8118529 1
MKH -261889 8118529 1
MKH -261888 8118529 1
MKH -1 8118529 1
MKH 0 8118529 0
MKH 1 8118529 0
MKH 261888 8118529 0
MKH 261889 8118529 0
MKH 523776 8118529 0
MKH -523776 8380416 1
MKH -261889 8380416 1
MKH -261888 8380416 1
MKH -1 8380416 0
MKH 0 8380416 0
MKH 1 8380416 0
MKH 261888 8380416 0
MKH 261889 8380416 0
MKH 523776 8380416 1
USH 0 0 0
USH 1 0 15
USH 0 1 0
USH 1 1 1
USH 0 261888 0
USH 1 261888 1
USH 0 261889 1
USH 1 261889 0
USH 0 523776 1
USH 1 523776 0
USH 0 698368 1
USH 1 698368 2
USH 0 1396736 3
USH 1 1396736 2
USH 0 2095104 4
USH 1 2095104 3
USH 0 2793472 5
USH 1 2793472 6
USH 0 3491840 7
USH 1 3491840 6
USH 0 4190208 8
USH 1 4190208 7
USH 0 4888576 9
USH 1 4888576 10
USH 0 5586944 11
USH 1 5586944 10
USH 0 6285312 12
USH 1 6285312 11
USH 0 6983680 13
USH 1 6983680 14
USH 0 7682048 15
USH 1 7682048 14
USH 0 7856641 15
USH 1 7856641 0
USH 0 8118529 0
USH 1 8118529 15
USH 0 8380416 0
USH 1 8380416 15
