# NTT reference vectors: input line, then forward-NTT line.
# 256 decimal coefficients per line, canonical range [0,q).
0 0 0 0 0 0 0 0 0 0 0 0 0 0 0 0 0 0 0 0 0 0 0 0 0 0 0 0 0 0 0 0 0 0 0 0 0 0 0 0 0 0 0 0 0 0 0 0 0 0 0 0 0 0 0 0 0 0 0 0 0 0 0 0 0 0 0 0 0 0 0 0 0 0 0 0 0 0 0 0 0 0 0 0 0 0 0 0 0 0 0 0 0 0 0 0 0 0 0 0 0 0 0 0 0 0 0 0 0 0 0 0 0 0 0 0 0 0 0 0 0 0 0 0 0 0 0 0 0 0 0 0 0 0 0 0 0 0 0 0 0 0 0 0 0 0 0 0 0 0 0 0 0 0 0 0 0 0 0 0 0 0 0 0 0 0 0 0 0 0 0 0 0 0 0 0 0 0 0 0 0 0 0 0 0 0 0 0 0 0 0 0 0 0 0 0 0 0 0 0 0 0 0 0 0 0 0 0 0 0 0 0 0 0 0 0 0 0 0 0 0 0 0 0 0 0 0 0 0 0 0 0 0 0 0 0 0 0 0 0 0 0 0 0 0 0 0 0 0 0 0 0 0 0 0 0
0 0 0 0 0 0 0 0 0 0 0 0 0 0 0 0 0 0 0 0 0 0 0 0 0 0 0 0 0 0 0 0 0 0 0 0 0 0 0 0 0 0 0 0 0 0 0 0 0 0 0 0 0 0 0 0 0 0 0 0 0 0 0 0 0 0 0 0 0 0 0 0 0 0 0 0 0 0 0 0 0 0 0 0 0 0 0 0 0 0 0 0 0 0 0 0 0 0 0 0 0 0 0 0 0 0 0 0 0 0 0 0 0 0 0 0 0 0 0 0 0 0 0 0 0 0 0 0 0 0 0 0 0 0 0 0 0 0 0 0 0 0 0 0 0 0 0 0 0 0 0 0 0 0 0 0 0 0 0 0 0 0 0 0 0 0 0 0 0 0 0 0 0 0 0 0 0 0 0 0 0 0 0 0 0 0 0 0 0 0 0 0 0 0 0 0 0 0 0 0 0 0 0 0 0 0 0 0 0 0 0 0 0 0 0 0 0 0 0 0 0 0 0 0 0 0 0 0 0 0 0 0 0 0 0 0 0 0 0 0 0 0 0 0 0 0 0 0 0 0 0 0 0 0 0 0
1 0 0 0 0 0 0 0 0 0 0 0 0 0 0 0 0 0 0 0 0 0 0 0 0 0 0 0 0 0 0 0 0 0 0 0 0 0 0 0 0 0 0 0 0 0 0 0 0 0 0 0 0 0 0 0 0 0 0 0 0 0 0 0 0 0 0 0 0 0 0 0 0 0 0 0 0 0 0 0 0 0 0 0 0 0 0 0 0 0 0 0 0 0 0 0 0 0 0 0 0 0 0 0 0 0 0 0 0 0 0 0 0 0 0 0 0 0 0 0 0 0 0 0 0 0 0 0 0 0 0 0 0 0 0 0 0 0 0 0 0 0 0 0 0 0 0 0 0 0 0 0 0 0 0 0 0 0 0 0 0 0 0 0 0 0 0 0 0 0 0 0 0 0 0 0 0 0 0 0 0 0 0 0 0 0 0 0 0 0 0 0 0 0 0 0 0 0 0 0 0 0 0 0 0 0 0 0 0 0 0 0 0 0 0 0 0 0 0 0 0 0 0 0 0 0 0 0 0 0 0 0 0 0 0 0 0 0 0 0 0 0 0 0 0 0 0 0 0 0 0 0 0 0 0 0
1 0 1 0 1 0 1 0 1 0 1 0 1 0 1 0 1 0 1 0 1 0 1 0 1 0 1 0 1 0 1 0 1 0 1 0 1 0 1 0 1 0 1 0 1 0 1 0 1 0 1 0 1 0 1 0 1 0 1 0 1 0 1 0 1 0 1 0 1 0 1 0 1 0 1 0 1 0 1 0 1 0 1 0 1 0 1 0 1 0 1 0 1 0 1 0 1 0 1 0 1 0 1 0 1 0 1 0 1 0 1 0 1 0 1 0 1 0 1 0 1 0 1 0 1 0 1 0 1 0 1 0 1 0 1 0 1 0 1 0 1 0 1 0 1 0 1 0 1 0 1 0 1 0 1 0 1 0 1 0 1 0 1 0 1 0 1 0 1 0 1 0 1 0 1 0 1 0 1 0 1 0 1 0 1 0 1 0 1 0 1 0 1 0 1 0 1 0 1 0 1 0 1 0 1 0 1 0 1 0 1 0 1 0 1 0 1 0 1 0 1 0 1 0 1 0 1 0 1 0 1 0 1 0 1 0 1 0 1 0 1 0 1 0 1 0 1 0 1 0 1 0 1 0 1 0
0 0 0 0 0 0 0 0 0 0 0 0 0 0 0 0 0 0 0 0 0 0 0 0 0 0 0 0 0 0 0 0 0 0 0 0 0 0 0 0 0 0 0 0 0 0 0 0 0 0 0 0 0 0 0 0 0 0 0 0 0 0 0 0 0 0 0 0 0 0 0 0 0 0 0 0 0 0 0 0 0 0 0 0 0 0 0 0 0 0 0 0 0 0 0 0 0 0 0 0 0 0 0 0 0 0 0 0 0 0 0 0 0 0 0 0 0 0 0 0 0 0 0 0 0 0 0 0 0 0 0 0 0 0 0 0 0 0 0 0 0 0 0 0 0 0 0 0 0 0 0 0 0 0 0 0 0 0 0 0 0 0 0 0 0 0 0 0 0 0 0 0 0 0 0 0 0 0 0 0 0 0 0 0 0 0 0 0 0 0 0 0 0 0 0 0 0 0 0 0 0 0 0 0 0 0 0 0 0 0 0 0 0 0 0 0 0 0 0 0 0 0 0 0 0 0 0 0 0 0 0 0 0 0 0 0 0 0 0 0 0 0 0 0 0 0 0 0 0 0 0 0 0 0 0 1
0 2154 0 1175 0 885 0 2444 0 2935 0 394 0 2110 0 1219 0 1029 0 2300 0 1874 0 1455 0 1212 0 2117 0 1722 0 1607 0 886 0 2443 0 2775 0 554 0 2150 0 1179 0 1143 0 2186 0 1026 0 2303 0 403 0 2926 0 1092 0 2237 0 2804 0 525 0 2594 0 735 0 2466 0 863 0 561 0 2768 0 2099 0 1230 0 757 0 2572 0 2773 0 556 0 319 0 3010 0 1063 0 2266 0 1645 0 1684 0 2090 0 1239 0 2549 0 780 0 375 0 2954 0 3220 0 109 0 2037 0 1292 0 2298 0 1031 0 1584 0 1745 0 641 0 2688 0 268 0 3061 0 2337 0 992 0 733 0 2596 0 2388 0 941 0 2437 0 892 0 2308 0 1021 0 939 0 2390 0 2687 0 642 0 1461 0 1868 0 952 0 2377 0 1847 0 1482 0 1789 0 1540 0 2789 0 540 0 1651 0 1678 0 1703 0 1626 0 3050 0 279 0 3015 0 314 0 2156 0 1173 0 756 0 2573 0 233 0 3096 0 3281 0 48 0 2662 0 667 0 1409 0 1920 0 1100 0 2229 0 2288 0 1041 0 723 0 2606 0 1637 0 1692 0 2649 0 680 0 583 0 2746 0 2761 0 568 0 17 0 3312
3328 3328 3328 3328 3328 3328 3328 3328 3328 3328 3328 3328 3328 3328 3328 3328 3328 3328 3328 3328 3328 3328 3328 3328 3328 3328 3328 3328 3328 3328 3328 3328 3328 3328 3328 3328 3328 3328 3328 3328 3328 3328 3328 3328 3328 3328 3328 3328 3328 3328 3328 3328 3328 3328 3328 3328 3328 3328 3328 3328 3328 3328 3328 3328 3328 3328 3328 3328 3328 3328 3328 3328 3328 3328 3328 3328 3328 3328 3328 3328 3328 3328 3328 3328 3328 3328 3328 3328 3328 3328 3328 3328 3328 3328 3328 3328 3328 3328 3328 3328 3328 3328 3328 3328 3328 3328 3328 3328 3328 3328 3328 3328 3328 3328 3328 3328 3328 3328 3328 3328 3328 3328 3328 3328 3328 3328 3328 3328 3328 3328 3328 3328 3328 3328 3328 3328 3328 3328 3328 3328 3328 3328 3328 3328 3328 3328 3328 3328 3328 3328 3328 3328 3328 3328 3328 3328 3328 3328 3328 3328 3328 3328 3328 3328 3328 3328 3328 3328 3328 3328 3328 3328 3328 3328 3328 3328 3328 3328 3328 3328 3328 3328 3328 3328 3328 3328 3328 3328 3328 3328 3328 3328 3328 3328 3328 3328 3328 3328 3328 3328 3328 3328 3328 3328 3328 3328 3328 3328 3328 3328 3328 3328 3328 3328 3328 3328 3328 3328 3328 3328 3328 3328 3328 3328 3328 3328 3328 3328 3328 3328 3328 3328 3328 3328 3328 3328 3328 3328 3328 3328 3328 3328 3328 3328 3328 3328 3328 3328 3328 3328 3328 3328 3328 3328 3328 3328
2913 2913 2959 2959 509 509 593 593 286 286 57 57 2190 2190 2623 2623 1168 1168 691 691 1706 1706 469 469 492 492 1991 1991 624 624 2561 2561 2719 2719 2191 2191 907 907 10 10 2174 2174 850 850 1808 1808 1508 1508 1045 1045 365 365 2915 2915 3062 3062 930 930 117 117 214 214 479 479 2175 2175 2739 2739 1033 1033 3196 3196 2166 2166 105 105 1523 1523 2321 2321 1825 1825 2050 2050 3315 3315 255 255 643 643 2992 2992 1869 1869 161 161 2967 2967 1622 1622 2886 2886 594 594 2233 2233 680 680 2601 2601 1707 1707 1046 1046 2177 2177 818 818 2637 2637 2157 2157 198 198 1987 1987 1203 1203 2124 2124 1340 1340 3129 3129 1170 1170 690 690 2509 2509 1150 1150 2281 2281 1620 1620 726 726 2647 2647 1094 1094 2733 2733 441 441 1705 1705 360 360 3166 3166 1458 1458 335 335 2684 2684 3072 3072 12 12 1277 1277 1502 1502 1006 1006 1804 1804 3222 3222 1161 1161 131 131 2294 2294 588 588 1152 1152 2848 2848 3113 3113 3210 3210 2397 2397 265 265 412 412 2962 2962 2282 2282 1819 1819 1519 1519 2477 2477 1153 1153 3317 3317 2420 2420 1136 1136 608 608 766 766 2703 2703 1336 1336 2835 2835 2858 2858 1621 1621 2636 2636 2159 2159 704 704 1137 1137 3270 3270 3041 3041 2734 2734 2818 2818 368 368 414 414
1 1 1 1 1 1 1 1 1 1 1 1 1 1 1 1 1 1 1 1 1 1 1 1 1 1 1 1 1 1 1 1 1 1 1 1 1 1 1 1 1 1 1 1 1 1 1 1 1 1 1 1 1 1 1 1 1 1 1 1 1 1 1 1 1 1 1 1 1 1 1 1 1 1 1 1 1 1 1 1 1 1 1 1 1 1 1 1 1 1 1 1 1 1 1 1 1 1 1 1 1 1 1 1 1 1 1 1 1 1 1 1 1 1 1 1 1 1 1 1 1 1 1 1 1 1 1 1 1 1 1 1 1 1 1 1 1 1 1 1 1 1 1 1 1 1 1 1 1 1 1 1 1 1 1 1 1 1 1 1 1 1 1 1 1 1 1 1 1 1 1 1 1 1 1 1 1 1 1 1 1 1 1 1 1 1 1 1 1 1 1 1 1 1 1 1 1 1 1 1 1 1 1 1 1 1 1 1 1 1 1 1 1 1 1 1 1 1 1 1 1 1 1 1 1 1 1 1 1 1 1 1 1 1 1 1 1 1 1 1 1 1 1 1 1 1 1 1 1 1 1 1 1 1 1 1
416 416 370 370 2820 2820 2736 2736 3043 3043 3272 3272 1139 1139 706 706 2161 2161 2638 2638 1623 1623 2860 2860 2837 2837 1338 1338 2705 2705 768 768 610 610 1138 1138 2422 2422 3319 3319 1155 1155 2479 2479 1521 1521 1821 1821 2284 2284 2964 2964 414 414 267 267 2399 2399 3212 3212 3115 3115 2850 2850 1154 1154 590 590 2296 2296 133 133 1163 1163 3224 3224 1806 1806 1008 1008 1504 1504 1279 1279 14 14 3074 3074 2686 2686 337 337 1460 1460 3168 3168 362 362 1707 1707 443 443 2735 2735 1096 1096 2649 2649 728 728 1622 1622 2283 2283 1152 1152 2511 2511 692 692 1172 1172 3131 3131 1342 1342 2126 2126 1205 1205 1989 1989 200 200 2159 2159 2639 2639 820 820 2179 2179 1048 1048 1709 1709 2603 2603 682 682 2235 2235 596 596 2888 2888 1624 1624 2969 2969 163 163 1871 1871 2994 2994 645 645 257 257 3317 3317 2052 2052 1827 1827 2323 2323 1525 1525 107 107 2168 2168 3198 3198 1035 1035 2741 2741 2177 2177 481 481 216 216 119 119 932 932 3064 3064 2917 2917 367 367 1047 1047 1510 1510 1810 1810 852 852 2176 2176 12 12 909 909 2193 2193 2721 2721 2563 2563 626 626 1993 1993 494 494 471 471 1708 1708 693 693 1170 1170 2625 2625 2192 2192 59 59 288 288 595 595 511 511 2961 2961 2915 2915
2380 797 2208 1469 1913 198 2717 2062 878 2465 908 1181 1988 2836 3207 869 1347 1793 288 1045 791 659 363 1823 3153 2200 1501 784 1932 3220 1335 978 2610 3240 1654 1729 853 257 1761 1915 1246 867 453 2671 2559 2785 1345 2722 1094 1616 3204 1553 938 1732 314 1657 3049 2739 1713 26 1900 887 2191 387 1415 3258 89 1519 2886 1472 38 1073 2311 628 141 1768 740 1137 269 3127 617 1657 2805 2983 1485 2672 2330 1946 681 2041 2090 1275 742 2830 2173 2799 24 344 270 131 2357 1416 2188 2875 1811 486 2768 2890 2498 3172 2479 3314 1886 3244 2611 574 2808 732 3246 822 3023 2241 1828 571 332 614 1277 1382 1536 276 244 2246 2254 2822 1435 1896 235 788 1141 2781 1341 371 1147 630 1024 1909 837 1740 459 2147 3277 1307 1000 391 1149 2675 721 49 57 2592 1619 2510 1879 2686 2332 182 3294 1378 976 3239 1119 1930 2705 801 2262 2429 2192 1291 1369 75 547 1180 1415 2780 1492 1651 1641 2614 222 3051 902 2114 271 885 606 2723 493 597 1402 497 1515 97 1832 2724 829 2771 2749 2814 1492 2101 2715 2565 2252 855 522 1877 2235 2277 1303 1229 2768 1233 3009 1046 985 1782 833 1863 1216 3077 165 1007 203 2368 1403 3030 1797 1796 2730 211 1101 2264 2909 837 137 3167 1905 2533 238 54 1686 1851 2733 1122 3154 2524
713 2894 501 237 979 2413 1613 1567 464 3004 2458 1019 1004 2378 1966 1466 2566 2297 2936 641 2465 2609 1958 24 2326 1992 624 2822 1392 337 487 1360 541 3096 669 2854 1084 3054 2055 2712 257 2492 1285 1219 1375 1577 595 597 1762 1500 2653 594 240 1405 1717 2878 853 3153 1650 867 1084 2070 2162 1740 3182 1021 1495 1205 3312 2410 2560 179 501 531 2886 2779 1251 365 2534 1272 1510 304 756 2865 2649 2287 1759 2896 851 483 800 217 2316 1706 1882 1003 827 1075 15 537 2925 2404 2010 3191 1983 1164 2618 961 3295 2633 875 1000 3235 2993 2403 1432 68 2421 2351 1987 1384 3130 3303 807 1510 1362 1097 923 2453 2582 3060 856 774 3240 2129 2613 2457 2386 967 2291 3081 2772 2104 294 1162 2967 1479 2448 2162 49 141 1605 1586 2269 3317 2213 1440 2861 3086 2520 3054 121 1686 1567 3146 749 1385 1155 399 1204 2913 1390 2585 1332 2200 3198 1046 764 2173 1070 783 1759 383 2288 2230 1596 1336 2354 879 1879 150 373 3214 2731 2314 2532 3075 2526 1613 508 592 2776 1948 1070 784 1023 1509 2853 1361 2944 475 2997 3100 891 3263 3074 1194 351 789 584 1992 2485 2440 1350 1274 1714 2920 801 3148 1966 1746 943 982 23 1207 2439 3323 2085 2213 1474 1716 714 1979 2936 2843 2616 2986 1164 741 1987 547 2710 130 1625 1674 792
587 1996 3060 3298 2604 252 145 2834 1089 2475 2614 496 2831 352 2558 3268 1842 1388 2131 2990 297 601 1923 2923 1708 445 1086 26 976 1462 887 2638 3261 2177 393 951 3004 787 2667 647 704 2990 2405 3204 2722 3028 786 1838 561 154 775 2115 2929 3254 2799 2093 928 430 2427 2160 50 1363 2082 524 2362 2702 1970 527 449 452 167 1836 2504 2337 2919 2511 2467 373 1127 1650 3087 548 2867 244 476 1180 2803 2173 253 394 1217 1180 963 679 2962 1590 2686 2287 1552 620 3263 2902 3092 2901 2595 1362 2855 132 983 1248 1594 989 1922 996 820 1671 619 2450 672 2029 1798 1994 793 1121 3103 111 3097 781 1348 3184 157 917 1276 2153 1081 137 3096 1536 526 1042 2427 2712 2960 2637 2794 2526 1512 3174 3245 1876 2527 1080 227 1856 2751 1236 374 722 2708 86 1520 1975 183 1574 178 1449 232 949 10 1556 513 2002 1603 427 3007 763 1723 2816 2707 3257 3053 2977 1795 1104 1511 2983 878 2803 2441 1165 1627 565 3104 672 2114 2718 1998 1217 946 1722 2152 191 220 2172 439 2920 2899 43 3080 2852 2006 1171 1871 2562 1527 2552 1183 558 1494 1965 993 3166 558 3154 1813 3042 262 1591 414 2545 3119 1972 399 2217 250 2772 1858 1114 1416 1565 674 3121 313 2272 3212 957 3095 2925 2206 2088 3137 1709 3030 1714 3124 708
2799 184 1576 435 2492 2811 1626 2237 1410 1540 3154 2011 733 2037 814 3021 885 2196 849 1061 536 3227 3237 2857 1292 2469 223 3175 3031 3047 1164 2376 644 1455 1888 319 3047 2142 3172 1114 1006 2784 3022 1597 1645 410 427 3113 2507 2512 399 3163 2824 1242 1288 1525 984 1344 61 3080 1407 680 95 2590 816 2492 356 3266 896 1537 1041 2285 47 2701 1045 79 150 2373 3189 822 667 2118 210 1776 2045 634 1668 1687 685 969 1985 2324 2451 1597 2583 3081 1997 3295 3301 2087 2096 1305 2754 2761 1437 3179 755 926 412 1762 1692 1671 1720 898 148 3326 647 2685 892 22 3276 122 2981 2781 2855 2913 2241 1847 2414 785 2555 2223 723 1407 2974 965 977 1704 275 1834 1522 1494 1294 65 1511 1656 2347 929 278 2350 2123 2471 2072 3058 2913 1742 514 2552 3136 3280 149 3028 1841 2400 2010 1273 541 2592 2326 1011 750 1056 1409 2572 1764 2875 58 3180 78 739 2093 2209 1275 2134 1305 1208 1241 2405 541 3186 371 2636 25 2080 2938 1543 3148 821 2886 903 1293 175 121 2969 103 1400 994 2206 1614 702 2332 3326 1522 1102 211 2435 1451 534 2420 182 501 191 2227 804 907 1039 685 702 2634 3096 2813 2216 425 877 2526 189 3025 1636 211 747 976 2877 1315 1483 3177 1888 2743 1542 523 1797 245 2247 1872 301 2462 81
2845 223 1535 3035 2393 422 52 697 1045 2932 648 2167 517 2303 2957 1176 2167 2322 2383 2772 1009 2262 2306 2995 2825 357 790 574 209 2291 768 1950 488 2482 603 1975 2047 1249 753 575 760 649 2044 1739 1970 3246 243 701 1468 3300 305 2332 1027 733 2738 18 29 1319 153 632 1093 943 2595 652 2949 1677 1007 2613 812 1312 601 3164 2379 1369 1435 2849 1575 1307 925 2348 1235 1205 1170 2114 1729 3238 646 2705 596 2923 45 1546 443 2161 1784 3195 739 1027 867 1824 2021 2366 858 513 428 329 1699 2788 3287 1623 3195 47 1241 718 2531 525 2053 2440 3061 1662 249 2907 2520 1450 2518 335 2813 725 839 3230 2277 2753 1260 3205 1 706 218 1580 1494 2936 2064 822 3259 2626 2853 2164 1982 2864 616 947 3315 1485 707 50 2031 1904 3106 2603 2737 966 1267 1806 1313 283 1721 2737 1795 1453 2872 159 2849 2614 1424 1997 161 3280 296 1498 1423 2340 1340 283 238 335 3244 1918 1546 1228 913 1124 3270 891 713 2197 829 553 2115 2108 1168 1097 3207 2380 420 2910 590 1460 2834 2524 114 751 2502 1698 2742 1282 2439 1157 1528 2331 1380 3059 596 1703 2750 2083 2121 3202 926 1779 251 96 1263 1519 801 963 3118 1354 3203 699 305 2792 1266 333 1260 2206 1119 623 1419 74 3003 905 987 2878 138 2165 24 1177
2864 3172 625 1452 1744 2886 1370 1886 3001 112 78 707 2058 1254 557 2877 2961 2219 670 964 214 1280 2064 2260 3050 3002 1897 1564 240 3120 150 1792 1670 1568 675 392 2537 2877 1941 2642 330 3298 1637 1131 2643 1053 108 491 414 698 603 100 115 2197 1161 503 818 2577 2181 2212 1520 998 2356 46 2387 3115 495 1345 533 66 32 1519 124 2667 757 1407 2694 2821 1543 1999 2578 2100 2012 1685 2354 2987 1830 1589 1232 63 926 1145 406 2061 713 2227 2442 796 2915 1451 429 328 2054 2163 1207 403 2578 2125 368 77 131 2420 692 3057 1253 261 651 2344 3198 794 972 2281 1689 701 2694 2354 1959 1269 3016 1366 650 1786 2000 1653 9 3085 835 274 2098 1697 566 1782 2108 809 3067 1854 1250 2030 647 513 600 82 417 1750 481 2867 1569 939 2926 3229 175 1928 3229 794 1527 2944 549 2943 817 3084 27 1510 68 294 373 1755 1779 2612 1815 2146 2941 2116 1873 147 2606 998 590 1408 3142 1907 2336 449 647 1427 3145 1559 1844 2378 191 1718 353 1037 1622 866 1959 2227 282 2808 2043 774 3124 3312 1060 2657 248 1068 3119 205 3216 1688 2013 3269 2848 89 2281 1069 2429 759 691 2533 2931 1789 593 1700 954 2211 3168 2136 218 1925 783 681 1396 2039 925 2178 2810 1814 2165 2980 231 1226 559 1689 1689 127
2590 2375 1633 337 1884 1402 3107 401 1641 1567 1586 2930 1374 2976 1701 285 2356 442 1061 1257 2241 1923 3163 2975 303 1715 814 631 83 922 2001 653 451 349 2132 3243 659 2153 2427 1154 775 3068 1558 1897 310 656 1162 1375 2789 644 352 3079 817 2815 2627 2524 3042 2912 1139 167 2956 2882 751 1431 2487 3003 2667 228 1660 132 2743 693 1727 2712 2172 2959 182 2237 837 532 795 1980 347 2988 1597 617 1734 721 1557 2155 2510 1354 3292 2048 320 3134 401 2104 116 1676 610 2195 2668 1883 2722 2739 2703 646 2768 3059 1041 2154 2311 2252 1866 2902 503 745 432 2743 1846 749 817 2879 918 228 2133 3274 2968 2618 2472 2928 25 530 1270 834 1366 972 1976 338 502 196 2579 872 2505 3085 2623 1018 2024 2283 1832 463 2861 1473 3143 267 992 1303 1203 729 208 2482 3217 1821 739 1120 2459 304 3272 43 156 494 2912 279 299 575 2568 2933 2901 2537 3229 1622 1167 2599 222 2567 3291 3154 250 2932 527 2662 2279 451 2033 1788 2630 1115 3137 3306 460 3183 2002 1348 3115 631 2940 1402 1800 2367 2480 2964 973 1314 2326 606 746 2564 1822 1742 3035 1028 2712 150 2241 2586 935 802 3282 3206 155 747 1826 1964 1340 2276 2226 1184 459 3324 1880 1148 1452 1133 1037 1726 1002 1694 1399 845 2442 2808 1387 73 2149 738
3026 1036 1438 2180 347 607 2344 2699 2483 1389 383 996 3163 1598 376 2709 2629 2762 319 1732 2194 1188 3271 2590 632 2608 2371 1806 1108 1183 196 1922 1934 3273 2218 697 1707 2487 1031 762 3164 871 2475 2767 2963 2013 354 2795 154 3098 2451 1237 1702 735 632 2592 2429 3311 489 1610 2892 1 378 1728 935 1661 2645 131 2763 2318 2429 363 1886 373 3095 1929 2312 869 2216 785 462 1213 2758 875 2544 1996 2381 2902 3277 3060 362 467 1468 2047 1175 1171 1467 116 2128 1044 1856 153 1638 63 1763 2693 484 2356 2334 2467 414 467 2292 2162 470 277 115 1184 2467 1737 2419 2664 11 1440 1529 1909 3003 1361 2086 1057 3118 1067 1958 250 119 2703 3127 838 2238 3120 1166 2949 1130 974 204 2875 1143 3008 317 819 2614 1633 86 127 3235 1985 1947 1088 2136 432 2515 352 1072 1016 3053 1950 84 1245 1920 1268 1329 935 921 2018 1156 2633 2889 671 336 1489 1493 637 364 3137 1652 2677 2823 1694 447 3179 1973 3136 3005 773 621 363 459 1117 955 1300 1715 260 2045 3034 1975 820 1526 2047 2015 2842 623 294 328 956 158 127 2202 399 1315 627 596 1508 3241 2574 2124 1844 987 2420 2740 2179 2907 2024 2015 1988 943 1171 320 189 1061 2122 519 258 1671 983 3046 851 252 1893 1576 1402 923 2683 158 3094 3324 462
1308 949 422 1666 3093 2435 2153 2838 3196 2414 2054 2019 728 2654 3292 1371 1031 971 3142 2151 147 81 2872 1500 892 1735 2127 2912 445 1026 731 1892 36 2996 1147 569 2721 3254 2200 1617 3306 2309 2800 3196 1169 2192 271 2251 433 3321 1181 2930 547 2347 2260 2948 16 743 2032 324 1010 69 1483 1085 3155 1086 3222 2817 2017 276 924 2008 3208 1901 2571 1686 608 801 1128 2233 2369 1672 2617 2302 2622 2851 2530 2597 1396 2817 720 1681 1997 2759 465 1002 1501 1546 2082 1905 3312 384 107 1126 1771 1960 1302 1513 2859 2476 2375 2002 2941 732 3201 1313 541 2905 2744 2430 3127 500 1256 618 2513 3273 2300 2289 2671 2249 2235 1715 3059 3121 1947 1034 1255 2127 484 2227 180 1940 250 953 1534 1328 2529 3000 927 3072 1864 1045 1097 1313 1852 1535 2909 2226 1902 239 2117 1500 2180 2323 1540 2798 628 1732 1165 1503 681 2381 2100 2638 1611 2030 1306 1982 2082 3085 3098 2523 2934 3005 2175 1653 323 2880 478 24 295 395 917 1968 908 1330 3205 813 240 30 3041 3224 911 237 992 2585 1125 2030 1032 2412 1040 1795 299 1474 142 558 2344 2186 3185 190 2022 598 2608 277 1695 1960 1655 2831 3119 552 2552 2175 190 3068 844 2501 696 472 2877 651 2209 1256 2055 2241 813 3206 1214 1718 2609 958 716 272 1681 907 2512 2035
1207 392 1980 1806 2267 280 857 3023 535 22 18 2809 423 894 2394 201 467 3156 2156 1577 614 1526 2596 3184 3038 644 3177 603 2153 1024 316 3247 2335 2755 1613 963 3151 2892 692 2965 2989 3161 569 140 2005 812 532 3042 3155 1148 1882 499 3224 3043 1122 1262 2564 594 693 103 1293 135 518 1637 2589 780 2349 136 3232 24 242 2533 3272 2364 472 770 403 1189 991 411 73 495 517 2681 755 657 20 2087 3320 881 1859 2688 618 646 1891 2593 124 1951 357 943 2528 3170 1246 1470 846 2577 2594 439 365 283 779 1575 709 3200 293 549 3179 2995 2260 1430 645 2462 304 801 1122 2601 1450 3055 1719 3137 395 757 1840 3252 1572 681 3153 2440 1368 2934 1796 2048 2779 1918 206 2293 2869 2349 1713 1111 45 2329 3137 1729 1802 513 622 773 1941 1161 3044 2052 165 139 2079 2643 1667 2714 759 2626 3267 2835 233 1510 1939 3008 2481 1535 62 453 3051 59 199 3108 653 3258 1976 3142 1626 2414 644 2446 1073 1557 1291 1404 2972 1140 434 2105 56 1200 1785 1675 2352 1297 612 271 1780 1230 2552 1617 400 1927 729 2084 155 358 585 2258 1199 1602 348 2121 393 71 1406 81 362 1904 2545 1117 2702 2003 2352 1863 2138 3309 1566 1673 1887 1435 898 640 849 2760 43 1292 1208 2852 2503 846 59 3295 94 2355
