# sampler_id seed_hex : 256 decimal coefficients
# S1 SampleNTT       FIPS 203 Alg 7   q=3329
# S2 SamplePolyCBD   FIPS 203 Alg 8   eta=2, seed is s||counter (PRF input)
# S3 RejNTTPoly      FIPS 204 Alg 30  q=8380417
# S4 RejBoundedPoly  FIPS 204 Alg 31  eta=4
# S5 SampleInBall    FIPS 204 Alg 29  tau=49
# S6 ExpandMask      FIPS 204 Alg 34  gamma1=2^19, seed is rhop||counter16
S1 4c1fc13644597007a366e85418f318db81ccd4f5b1bef5ca735c5e32b678749aa731 2924 71 1954 1732 1347 155 809 180 2538 1090 2362 1742 2555 1132 799 2508 3079 2864 1571 2210 1468 1056 2334 178 2801 2376 1923 1550 737 1636 2417 1374 761 138 1154 38 3307 1999 739 1667 984 3189 1274 853 862 79 127 1261 1806 2351 743 1587 2429 403 2380 14 2602 912 1870 2174 39 130 149 3286 2925 198 1693 1548 253 689 2104 335 1142 767 1075 2973 2292 533 947 1203 1957 3153 3204 144 2356 2426 2523 2853 1981 1402 344 7 1720 3261 3176 1009 1895 805 1881 552 1951 1391 1956 452 800 266 1602 3138 800 2903 2176 1619 2869 603 1982 499 1807 2310 86 699 55 1769 1001 493 2118 1753 1251 1781 2163 2749 2148 1851 3274 2449 227 2418 1778 2102 2130 2397 2244 1579 944 2200 527 647 2303 1481 2488 1215 55 2918 1892 2213 1937 1026 295 1460 442 2038 2218 2464 2797 1405 2951 764 1372 2284 3240 483 3209 461 3232 1440 338 1606 2321 1928 93 1170 2305 2433 2604 425 1089 1222 500 3046 2937 1459 1122 554 2824 2122 3100 2360 1940 2623 2889 3265 12 2559 2262 510 2146 3147 2661 3166 2585 1081 467 1989 3135 2808 1629 403 863 3290 2988 2085 2108 2073 1816 1296 220 1004 1538 648 1271 435 2936 1041 1386 1335 2352 2530 2257 2611 1661 2805 2994 1513 694 1369 2510 819 469 923 1430 3258 1525 2579 2892 62 2131 1408
S1 992890d4f6fefd7ae8067b3df8ba0f32a02b0560d4627e1d8eaf152d42dfc259be5a 3233 2149 827 3317 2135 336 123 2662 2361 2379 577 3107 524 1342 2077 2620 1781 43 1508 612 2408 15 2640 65 1025 3102 1842 2389 2442 371 3007 3209 1021 2740 173 708 3070 1701 2204 98 2268 22 523 1461 627 2094 78 439 1555 1038 1816 1749 607 1530 9 2478 2535 1572 1346 1135 2257 3041 1669 1253 2537 1333 2567 2354 176 328 365 2262 2684 203 760 326 2584 1405 170 160 1357 2689 706 2687 1560 2525 1720 1574 1869 2357 1000 2370 544 1536 426 2105 2416 3020 1311 1446 1145 1716 2224 2110 446 1037 1425 2580 295 390 1095 1253 1324 214 798 1132 1775 891 2622 3271 405 297 943 1976 2687 2557 2333 1802 2982 2927 438 3186 531 417 1872 302 2354 2763 223 3283 410 245 1441 604 1221 3002 251 855 812 1116 2568 58 1659 952 1574 367 146 565 1349 1814 2656 334 874 508 2877 933 1993 2233 1376 3313 419 2220 2572 1522 3251 1897 1040 74 3112 354 105 295 2300 86 1716 1200 1683 339 2408 889 1969 506 1885 1759 1076 2523 1856 2123 2244 64 928 1758 2066 2273 2658 965 2285 1521 593 128 716 191 2933 1226 323 2869 2888 2070 2649 2015 1293 958 1651 642 130 2024 2820 1250 3250 2556 2866 855 2441 3324 741 2571 2568 1235 244 3214 1237 2187 1334 3003 206 1556 2168 799 526 1680 1458 129 1648 2588 1824 2255
S1 6678af35391cfd1c73783aa0c440afb74e4cebb88116f305c2afd4a6db22c3103978 2247 2901 2577 775 1007 740 3319 1668 722 2542 1410 1215 3078 3083 1673 2866 2675 1669 1527 2602 913 2785 1581 3068 2032 889 2918 2253 1311 1713 1118 729 2535 2284 2764 3192 1122 2134 264 2176 2653 2744 734 573 2624 962 2770 3260 1755 1653 2184 291 1004 2678 1457 2670 1916 1173 613 2215 1597 1945 2505 685 422 1003 657 21 2368 845 996 3134 89 2975 2177 2644 1504 1555 2440 3044 711 1697 689 1962 798 2622 417 2939 2911 1270 1356 2107 2060 1945 72 2216 1552 955 2855 2611 2658 1984 20 266 2596 1419 347 20 3254 804 1631 3000 135 2414 1114 2082 377 3184 859 871 2931 86 3278 389 210 2986 1063 3136 1681 3099 1282 98 1390 77 1014 1604 3244 1064 704 714 719 2383 337 1045 2576 493 1311 862 1860 2343 537 347 2630 1889 2941 2990 686 432 253 3289 1561 2305 2995 1000 2014 1328 92 2426 2520 376 219 3274 2935 1604 1474 170 2980 335 1125 1143 339 2594 2417 159 310 1112 2308 2745 3242 380 2980 1432 574 760 734 200 2390 1439 2573 3022 2381 1765 2356 1237 3042 2894 496 654 1852 447 1235 756 1448 3119 1342 540 1117 1735 1578 269 1611 3087 1223 2 1345 2270 3326 525 2426 1759 3237 1266 3016 1923 1651 1857 516 962 972 2049 1578 2127 2159 1344 3163 118 839 2443 2503 2565 2098 1433 2486 1389 409 1045
S1 83bd16cacf2d94ba11191d5863d605cc01674be776de66a87472070e5dd37c8c249f 1058 1 2289 2035 3093 1983 886 2892 2545 82 1908 2932 756 588 3084 751 3071 2441 879 172 1446 2773 7 2696 2505 3200 3278 1228 170 92 1643 1003 1395 973 942 39 737 1248 2170 2480 1541 2088 2156 1018 1330 2745 1603 1453 2166 1 1761 2064 1976 3058 1958 1784 2153 1678 3289 1109 2818 295 2296 1173 3247 2819 261 2320 673 2476 3225 2857 114 2768 2163 2389 2187 3252 1815 419 886 1110 2755 64 35 1075 2071 3047 2311 159 2878 3325 1185 2954 683 1144 804 1798 1577 693 3228 2485 2164 658 213 1714 2099 2718 2837 2486 232 3093 2750 454 683 392 1744 1969 2537 3058 2439 974 2110 1230 605 1293 2853 2800 294 1532 221 3302 52 2881 2677 3126 27 20 286 3253 1159 74 116 2934 1623 1136 1485 790 299 3321 813 2228 841 1718 913 478 1651 612 764 1682 417 829 3149 3180 297 2782 2408 1850 2120 2013 1321 637 1392 1576 3266 1429 198 1679 654 1083 3318 2768 1115 1616 2522 707 2732 1711 1910 2928 2756 2938 3011 130 730 2351 1723 2613 1057 1509 3254 1797 2109 2937 1188 554 3153 2261 889 1587 2289 543 83 920 456 2079 1088 1443 30 2275 2331 188 440 1937 798 2140 2178 473 2725 2511 1980 2801 699 1445 1916 1806 647 2805 953 3078 2104 2072 2204 243 2943 295 580 1264 2891 3314 1891 95 1140 214 2469 450
S1 9bedffeacf45af2fb9bc02d848f18475175c4eddb60b2fccdbc3647e5b37101eef9a 1852 347 54 1926 2911 1191 1413 1200 2014 810 991 2929 2637 484 1252 1770 19 2895 2385 237 1278 1884 1032 3260 3109 683 1016 1252 503 852 3243 889 1326 1482 1685 323 3040 2827 1788 2469 2262 3034 346 2307 2219 2455 91 1569 300 3221 876 1181 2804 2781 3067 2505 1852 1102 924 717 2003 803 232 3290 189 1036 1898 640 725 2192 25 1866 1975 3214 2938 1065 1758 2874 514 2384 805 2074 241 1321 2239 1363 1255 133 2551 208 744 1949 1818 2397 614 917 3099 518 3305 2387 577 2925 2359 1126 3191 2404 1744 3197 2421 1744 3081 364 1064 1949 476 1840 2965 3221 1735 1484 140 1608 1832 3065 210 1864 1720 2393 443 2035 6 842 1629 1450 1349 2568 294 1092 855 3282 3278 557 2350 1341 3264 3215 1356 2630 2203 843 2114 423 1360 887 1311 630 2289 3227 1545 511 674 1795 2915 2780 2534 2910 2228 1693 3327 3245 1546 33 2133 2680 29 1564 190 633 2482 2160 1257 2461 1633 2993 1810 2968 134 510 2731 490 2223 1401 250 757 2787 597 1503 229 453 423 1162 181 3264 1385 1235 3286 1192 1950 632 1826 861 179 573 283 2414 871 2988 1337 415 2630 925 2310 2543 1539 135 2424 347 2722 869 83 113 1755 736 2873 3262 1321 34 3298 1620 2006 2124 937 1031 2770 911 2300 2876 55 1706 2355 56 622 438 2995 117 3134
S1 23106cba30bad35d103e65ff11fc12c7320abd78d404653a5b6c6a52def36942938c 3022 480 957 664 1889 1809 2270 1979 1506 1338 234 1216 2381 1467 323 881 2222 2055 2369 2300 1068 2680 2631 1631 1143 2722 2473 1731 492 945 718 14 1938 1157 539 1364 2746 2315 2186 874 2664 941 433 1256 312 2974 57 2803 805 2352 682 773 2720 197 1229 580 1307 3011 182 861 3033 2512 2184 2397 355 389 2757 2172 2373 266 2752 2620 2994 1885 862 3178 806 1529 1245 157 821 256 993 615 3063 1615 319 2702 1040 2805 963 1824 2292 1304 3183 387 2966 925 2876 141 1881 198 393 1777 1626 659 1890 1728 1290 1017 586 2870 194 987 413 2531 2380 1935 1151 721 2509 1563 1970 2988 1165 634 1549 3146 505 424 1550 1192 730 91 1314 206 510 211 2349 1347 653 2942 1217 1065 551 2893 115 2857 415 2956 524 402 1859 1443 2458 256 1619 2785 2604 1809 2945 1837 975 3291 594 3086 1705 2567 969 1464 1594 2282 3204 2376 2343 2685 2446 229 1620 2538 645 814 1610 654 838 2182 1394 1234 509 1540 3023 239 31 2612 2586 3287 2242 1973 1163 3027 331 4 2931 140 136 845 2272 1413 3012 2593 1636 115 1576 3145 546 1477 584 3037 310 1779 2685 498 382 1302 2288 249 162 1596 1200 2249 1647 2916 1558 138 1374 2231 1638 874 691 53 1322 1835 893 2417 1925 1939 1994 1301 2568 1886 931 1072 559 1006 1347 2467
S1 90141fed07474d1b4a9e88023042abe738ba43989ee9f5a1ecc0ba650b97ae189d56 3132 3078 2068 2261 2379 2300 3057 1892 1434 196 3080 3255 2247 1835 1557 59 3101 512 1467 823 860 203 2253 1092 184 2077 2609 2282 2909 1655 2953 2476 795 1952 553 2918 1382 1210 2800 2370 699 3142 2783 665 2443 142 1789 1979 2026 2815 2245 767 636 2033 1328 148 1637 1944 3 3072 10 2074 840 1843 1550 2543 1010 1754 2520 1185 1485 2021 246 2948 1227 2169 910 71 3311 2081 1100 2480 443 1992 1048 3224 1609 2130 1012 1507 819 453 2522 1142 45 1924 834 2925 2693 1524 785 803 2308 2952 3126 620 2013 459 2383 1429 2435 1980 1622 295 915 1266 145 1075 1117 2938 2174 2799 1123 2459 472 1595 1335 2626 1269 3162 872 365 1752 64 2652 2095 2624 2660 3301 2649 68 2711 1492 934 1559 278 10 2578 749 2422 2828 1181 173 3216 1565 325 1808 1367 2958 1906 252 78 2314 1166 1947 1973 1125 2658 3299 2383 2446 676 2538 1035 3161 868 1721 2866 496 2069 2174 2230 500 1354 1756 1622 422 1904 1912 1994 1504 1074 2771 160 3267 2045 1000 2456 192 4 1766 2964 2147 1068 3019 1645 1236 2447 796 1406 2353 572 1433 2335 3119 908 2539 2121 2486 272 3231 1259 2417 127 1012 1555 1164 2057 1401 170 1097 1290 3230 277 2044 419 216 2765 2219 465 904 2355 1153 2687 893 463 784 1680 2797 393 1284 2886 1861 2239 311 1958
S1 03411be36d962693d7d8591d4760637d0dfd33e413050fc678d9cd11880f7fe164b0 2647 256 2423 1460 1749 3242 3074 2758 2902 834 3094 2663 2116 498 2048 2559 904 2762 1368 17 696 2055 59 1407 3184 169 1688 2125 774 1871 1764 2868 1428 3020 2268 222 687 1298 1758 2073 334 649 1714 2922 2456 2904 3317 2363 1293 3223 1696 2515 2220 107 1644 1030 3179 1468 1921 2318 2599 368 1451 1234 782 1612 1601 21 1604 610 1100 2746 1338 406 651 805 1017 312 713 941 2932 1783 2225 1947 784 3008 1150 2582 1428 773 1015 913 3054 12 1825 1285 2833 2594 2586 915 3180 3219 314 88 1910 1564 3133 2482 610 2887 2675 1669 2567 2619 596 688 2646 1824 2901 2456 2993 1648 2889 2987 3011 1441 3319 1552 2175 1085 775 2199 2151 1628 166 2755 565 2014 1675 209 2406 1434 3217 1638 2803 3266 998 603 232 163 492 611 1546 1228 2128 2217 3260 2694 357 1928 2412 1732 1997 2874 2442 9 3196 2282 2782 1782 222 1478 176 767 82 2179 2282 690 194 1682 545 1145 676 212 2941 1708 1845 418 756 1155 2183 1445 3059 2781 2394 1072 326 1046 1701 1119 2172 1854 2537 2462 2090 230 1283 2149 1304 3264 2491 2572 3092 2754 2731 1669 1839 1339 1202 1281 572 3116 2098 427 2122 2098 1715 2871 3263 987 1103 2491 505 184 133 1070 1934 1270 466 3269 1890 1164 220 2251 3224 636 1475 1145 1210 1709 644 2541 19 1494 40 2943
S2 e25602d97eae0165b7fbaf018a61faeaaadb7ca3de64b880c03220b7c34a23a000 0 3328 0 1 1 1 3328 0 3327 0 3327 3328 3328 3328 0 1 3327 0 0 3328 3327 3328 0 3327 1 0 3328 2 1 0 0 3327 3327 1 3328 0 1 1 3328 1 0 1 3328 3327 1 0 0 1 1 0 2 0 2 3328 2 0 0 2 3328 1 0 1 2 3328 0 3328 3328 1 3328 1 0 3328 0 3328 0 0 1 0 1 0 0 0 1 1 3328 0 0 0 2 3328 0 1 0 0 0 3328 0 0 2 1 0 3328 0 3328 1 3328 2 1 3328 3328 1 0 0 0 2 0 0 2 3328 1 3328 1 3328 0 2 0 0 3328 3327 1 1 2 1 0 0 0 0 0 3328 0 0 3328 1 3327 1 2 1 1 0 0 1 3328 2 1 3328 0 1 3328 0 0 0 1 1 0 3328 1 3328 1 2 3328 1 1 3328 0 1 1 0 3328 0 0 1 0 0 3327 0 1 0 3328 3327 1 2 3327 0 1 0 3327 1 2 3328 3327 0 3328 3328 3328 0 0 3328 0 1 3328 3328 3328 1 3328 3327 0 3328 3328 2 1 3328 1 0 0 3328 3328 3328 3328 0 2 1 1 3328 1 3327 0 0 3328 3327 2 1 0 3328 1 1 3328 0 2 0 3328 1 1 0 3327 3327 3328
S2 d4f976baf32d7ef85d73a337683feeab87e797246fbe0efff5545aba7612bd5301 1 1 1 1 2 3328 3327 0 3328 1 3328 3328 1 0 0 2 3328 0 1 1 3328 0 3328 0 0 0 3328 1 1 0 0 1 3328 0 1 0 1 3328 0 2 0 3328 0 3328 0 3328 0 3328 0 0 0 3328 3328 1 0 1 1 3328 3328 3328 3328 3328 1 3328 1 0 1 1 0 0 1 0 1 3328 0 3327 0 0 2 0 0 0 3328 1 3327 3328 3327 1 0 1 2 0 3328 1 3328 3327 1 1 0 0 3327 1 1 0 1 0 0 3328 3328 1 0 1 0 1 0 0 1 1 0 0 1 0 1 0 1 0 3328 3327 0 1 0 1 3328 0 0 0 3328 0 2 0 1 0 1 3328 0 1 0 1 1 0 3328 1 2 0 1 0 0 0 3327 1 3327 1 0 1 3328 1 1 0 2 0 0 1 2 0 3327 1 1 0 0 3328 2 3328 0 0 0 3327 3328 0 3328 3328 1 0 1 0 1 1 0 0 1 0 3328 3327 3328 3328 1 3328 1 0 3328 3328 0 3328 0 3327 0 1 0 3328 0 0 0 3328 1 3328 3328 0 0 3328 0 3328 1 3328 3328 3328 3328 1 1 2 3328 1 1 3328 1 0 1 0 0 0 1 3328 1 1 3328 3328 2 0
S2 829d88a4f4e92bfb8af5983466c5a470e8190ad3229d98dc37fe80b9cb7fd83c02 0 0 0 0 0 3328 3328 3327 1 1 0 0 3327 1 2 0 1 1 0 2 3328 0 1 0 1 1 0 1 3328 0 0 1 0 0 3328 0 3327 1 3328 3327 1 0 3328 3328 0 1 0 3328 3328 0 0 3328 1 3328 1 3328 0 0 3328 3328 1 0 2 0 3327 3327 0 3327 2 1 2 3328 2 1 1 0 0 0 0 0 3328 0 3328 0 0 1 1 0 2 3328 3328 3327 1 0 3328 3328 1 1 3328 0 2 0 2 0 1 1 1 0 1 2 3327 3327 1 0 2 0 0 1 3328 2 0 3328 3327 3328 0 0 0 2 3328 0 0 1 1 1 1 2 1 3328 1 0 1 0 1 1 0 0 0 1 0 0 0 1 3328 1 3328 0 0 0 2 0 1 0 3328 1 0 0 0 2 0 1 3328 0 0 2 3328 1 3328 3328 0 2 1 0 3328 0 2 3328 3328 3328 3328 0 0 1 3327 1 3328 0 2 3328 1 1 3328 0 0 2 0 0 1 1 0 1 1 2 1 3327 0 1 0 0 0 0 3328 0 3328 0 3328 3328 1 3328 1 3328 3328 0 3327 3328 3328 0 0 0 1 0 0 3328 3327 2 3328 3327 0 3328 0 3327 0 1 0 0 1 3328
S2 d60042f689c65899a3e6539137aa9007d871b3501109b180fd3857fa9f67882603 1 3328 3328 1 0 1 3327 2 0 0 3328 3328 2 2 1 1 0 2 3328 0 0 2 1 1 3328 0 1 0 3328 3328 0 3328 3328 0 3328 0 3328 0 0 3328 0 1 2 0 0 1 3327 1 3328 0 3328 0 0 1 3328 0 1 3328 1 0 1 3328 3327 0 0 3328 0 1 0 1 0 3328 0 0 0 3328 0 3328 0 0 0 0 3328 1 1 1 1 0 0 3328 0 3328 1 3328 1 1 1 1 1 3328 0 3328 3328 3328 3328 0 2 1 2 3327 3328 0 1 1 0 3327 1 3328 1 3328 3328 0 0 3327 0 3328 3328 0 0 3328 0 3328 3328 0 3328 0 0 1 0 1 1 0 1 3327 2 1 0 1 3327 1 1 0 0 0 3328 3328 0 1 3327 0 2 2 0 3328 3327 0 1 0 0 0 0 0 1 3328 0 0 0 3328 1 1 2 1 3328 1 0 3328 3327 2 1 1 3328 3328 1 3328 0 3328 1 1 0 1 0 0 0 1 1 1 0 0 3328 0 0 3328 1 0 2 1 2 0 0 1 1 1 3327 0 0 1 3327 2 3328 3328 1 3328 0 3328 0 0 1 0 3327 1 0 3327 3328 3328 3328 1 3328 0 0 0 0 3328 3327 0 2 3328
S2 b01fe6a46abd43b61862d991aacc9976af92446a43732658706b0106a0d12f7004 0 0 0 2 1 3328 1 0 3328 1 0 1 1 1 3327 1 3328 0 3328 3328 0 3328 1 0 0 2 0 1 1 0 2 1 3327 1 3328 3328 0 0 0 0 1 1 1 2 1 0 0 2 3328 0 0 3328 3327 1 3328 3327 0 3328 0 2 3328 3328 3328 1 1 0 0 0 3328 2 3328 1 3328 3328 0 3328 0 1 0 0 1 0 0 0 0 3328 0 0 0 0 0 1 0 0 0 1 3328 3327 1 0 0 3327 3327 0 3328 1 3328 2 3328 0 3327 3328 1 0 3328 3327 1 0 0 2 3328 3328 1 3328 3328 2 0 3327 0 1 0 0 1 3328 0 2 3328 1 1 0 2 1 3328 0 1 0 1 0 1 0 2 0 0 3328 0 0 0 3327 3327 1 1 1 0 1 0 1 3327 1 0 0 3328 1 1 0 1 3328 3328 3327 1 0 3328 1 3328 3327 1 0 3328 3328 2 1 0 1 3328 0 3328 2 0 0 1 0 1 3328 0 2 3328 0 3328 0 3328 1 0 3327 0 0 0 0 0 0 0 1 0 1 1 1 3327 3328 1 0 3328 3328 0 0 1 0 1 0 3328 0 3328 1 3328 1 0 3327 0 1 3328 3327 1 0 0 3327 0 3327 0 0
S2 3d1d851afd4d3eff36250e2dbdc8525ef2e4d1f060b648f91261ba55fe875ec805 1 0 3328 2 0 1 3328 3328 3328 0 0 0 1 1 1 3328 3328 3328 0 3328 1 0 1 1 3328 1 0 0 0 1 2 0 3328 3328 1 1 3328 0 1 0 1 0 0 3328 2 0 1 0 0 0 1 0 2 0 0 2 1 3328 0 1 3328 1 0 2 0 3328 1 3328 1 0 3327 0 3328 0 3328 1 0 3328 3327 1 3328 3328 3328 3328 2 3327 0 1 1 3328 2 1 3328 0 0 1 2 0 3328 0 0 3327 1 3328 0 3328 0 3328 0 1 3328 1 0 1 3327 0 1 0 1 3328 0 3328 1 1 0 0 3327 3328 1 0 3328 3328 0 2 3328 3328 3328 1 3328 1 0 0 1 0 1 0 2 0 0 0 1 1 0 0 1 0 0 0 0 0 0 3328 1 3327 0 0 0 3328 1 3328 0 3328 0 3328 3328 3328 1 0 0 2 3328 3328 1 3328 0 3328 1 0 0 0 0 3328 3328 0 3328 1 2 3328 0 3328 0 3327 1 0 3328 1 0 3328 0 1 1 3327 2 0 3327 3328 0 1 0 3328 0 1 3328 0 3328 0 1 0 3327 1 0 1 3328 3328 0 0 1 3328 2 1 3328 1 0 0 0 3328 1 1 2 0 0 1 3328 2 3328 1
S3 396711bc0d6212203420d61fe7daeb88465840680aa73370c025d09f007a2fd02349 4604312 7282225 768467 3577674 7589340 5729446 2198464 436434 3933610 7512749 5270908 6993150 7866685 6303505 6124561 6781851 6140795 1311059 4178247 1162351 6728233 8255142 1012477 399236 4591190 3086558 6577849 137952 3951597 4478711 2697995 3769750 489303 1122224 5850397 946462 4698282 6654309 1342946 624204 2498477 5636061 3591336 5146109 7025097 4263011 4469422 7919493 606423 480893 2504651 2793182 308734 6039729 7809889 6280660 6918795 5854424 1939340 2968696 3532680 7673878 2529784 5754255 1805945 637564 7918641 3439934 3924152 5464115 1500838 1218626 8340720 3560793 7916157 7180490 2592498 3817807 4163511 5376792 2070130 6009098 2723155 5409493 8359741 2306590 6321680 4899752 5887671 3370161 8137638 4234717 790884 1185441 1589365 7700844 3103462 8199932 115766 1407389 6200706 2098261 7504415 5846342 4284040 3831485 7007219 8118842 2846019 2216373 4039118 996341 3848767 5173767 584060 4033735 1648376 6851097 6648200 4571917 3034327 7528192 4494666 111869 925378 538599 2162513 3925306 4053682 3184321 6317179 6990852 180922 5180274 964890 224673 3070343 774316 8127212 923305 7296053 1775689 5344248 7840077 3954889 6907309 7788412 3867991 6800092 457264 6722269 5415237 5486666 3022356 3648336 1784857 8075243 7998597 3451921 1524961 7996226 6885962 4707242 3260776 797622 7168591 3802172 1194842 5553489 3276355 4633799 1349464 3868698 7175437 2835301 8375736 4074170 5327692 6433551 1733617 7893998 2485059 938551 1284047 4671012 592832 5929574 3780860 4988768 8031303 1257822 546175 7399131 5232612 7377082 377026 7975770 6191911 4079746 5839937 378274 1870394 6497413 458996 6391792 3841015 61518 6448343 3660452 3515795 373912 383476 711292 5577583 5212316 624104 2753608 1734767 1169838 8208604 1237000 5314110 7069877 1333773 1388899 1190338 917425 7297978 1779021 5495149 3356818 341575 1869867 7024967 923584 1103937 3822420 7798444 3989822 5840939 3817256 6263153 6398039 4325925 3817584 1104517 2226497 7454529 3764189 1197224 7265319 4259336 1241240 4604851 625713 1200519
S3 68499e7c1f9d0bfd12170f54cdded85c5ef17588fdb927e3918abd83682994175575 1268348 5537502 402878 3120956 2980855 5435904 2756851 3026593 4857689 4251982 4975409 3424319 4972762 6261107 5011337 4342111 909891 2978357 3592422 6793896 3799499 5555072 5726795 5833202 1729401 5911089 5573058 8213324 6362792 548539 8295233 5391119 6853038 5922913 7240933 1132211 6087402 4162124 6662558 3910275 351566 7125862 7577176 1330084 1894255 8295720 6920052 1875039 929970 338864 3876754 5980358 7658713 7810839 1207195 820279 4491852 8063679 2622386 5616544 2010100 1591876 7043370 8105842 2727425 1246963 6508527 2191188 2068461 478482 6648943 5415824 1157550 6656666 5595599 330612 1114502 4399420 3076183 2709274 1963070 6297764 2265230 875221 6608227 2690671 1910863 1642717 6586845 4460668 8364404 3304282 6166236 7804397 2998238 6855555 4920792 1028040 5046870 352493 4960468 5032618 5280248 6804214 7544331 8153487 402548 3311376 2873273 5596533 44305 1374891 1493913 2203557 1216240 8262851 1120966 5875346 1533602 6938028 1272616 6179200 3705981 4664398 7982224 583375 4993324 700831 1726301 5140894 911266 6701763 1882597 6454211 5623873 7711451 306196 2215014 2345845 6569299 3826757 7218125 2948538 8187871 1541134 8276713 5641394 6018403 2512536 1762537 7139780 7513256 4011527 2848414 1270977 5991164 2863526 5147181 4976194 4728724 1718469 1667691 547295 841710 4546522 4173879 5191421 7076 7030502 669128 5091590 5410630 3084501 5877093 1883568 4587013 4607019 3635117 6378463 5809651 5173329 4228337 8124526 5594667 4829758 5593163 4981253 2934954 7028445 2374899 1474250 441171 4944101 2437872 5794703 5098655 3804435 801012 8278327 5392747 6409996 7786740 1547611 572724 4721972 1977909 1437327 1075067 520982 3247351 4336940 497109 7026448 2508552 7437622 1821922 3110917 3398531 1714445 2848489 7033823 3605366 5389228 4533647 4247558 5408577 7586345 3146283 5962515 7972946 2109509 1456157 6868596 3343667 4074975 7850449 7389679 5991216 2392745 7883109 1761860 4340803 6619569 506419 7438380 5207301 7485218 7922499 2112117 1778325 2789156 5553504 979096 3611742 3335081 2420343
S3 b913e1ffcfa942ea09e4eea46e04b3f032b0581567b5378263fa1a7bdcc48b283608 6191296 4025684 429199 7244247 4890124 6543702 2387076 3819428 4644168 1677936 8320216 3006099 393194 7060233 1046899 4783137 3503741 7983835 2544559 2991196 4588892 5205434 6271267 2182654 2501828 4292314 848826 5911142 3905969 6897596 125263 6269783 3983115 1064107 6493984 4733780 1096911 7350175 6779488 6954911 7824448 7405225 6239680 609788 271191 6159377 1651972 6195282 2776400 4691718 3629194 400646 4020250 5913172 2585911 3971208 8355034 112620 5682600 5657065 7975596 6171551 1795404 6605388 2233115 7866002 3529759 197880 4800030 8231767 7481979 8317086 377219 6173929 8275731 7715123 1860533 7392961 2650023 3641925 2793895 1445550 6357154 1792301 2019607 119681 5159858 4251251 6869345 1194521 5496090 1825991 3351367 7229175 89356 6860526 5557160 7660076 6918365 2520429 3716074 4354727 6028846 7919140 7279284 7622968 1896180 8163106 142157 3710686 4683786 3966899 2518260 7270559 1782672 6333059 3288917 632288 7057577 6895255 7367639 2717655 2888955 1375866 7921713 1052446 6910244 5538193 7536409 671972 5540032 8153130 6873528 1333667 3668223 1539266 2432387 6538773 5132359 3400912 2164648 2861378 8316596 2758370 5148539 4959512 4133262 4876364 4192091 6772194 6310763 768019 189803 7196748 1724254 543246 2367803 5661061 7607245 2896019 5015484 4079061 210883 2648151 2514745 777360 6022028 7136962 3926112 7132336 3060453 4120161 7627551 1832100 3921317 1236295 4028770 5600131 5651901 1641962 4142252 7447911 7271651 7898188 5557903 8291449 8112494 7846552 2153263 4664115 4589833 4748849 3373079 2470514 8014698 487772 4496811 1961152 6174496 7929788 2461898 5235188 628017 6880747 1939320 2630427 7209921 6858197 2202955 6856868 6521632 636706 7344933 446228 7975791 2220649 1062643 2957805 8023515 5597899 1616144 2914252 8089256 2977099 5428256 7492916 6028135 4132091 3886471 2780981 2673556 7062033 2651620 5767320 4614677 4399952 6105355 5627276 2473017 5269141 6586255 6925387 4588261 7624506 7900077 4178895 3246418 4571098 2720201 7723952 3420374 861668 2673574 3335728 6622383 296955
S3 3cb3efeaf12c1d4b0c0fb33e88569fc84c7a0d366bee55bec294ae55735540085934 7640222 6897579 7954032 3796551 3199635 5315762 4109084 8101345 1822960 5772361 1712171 4510337 2419163 4327863 4718207 5788412 783743 6801028 8342160 1588091 8098432 6175369 4581075 4374412 7873863 6290849 1856368 8063297 754195 6438193 1421551 2956633 1229379 5029153 25741 5722983 22652 7055031 5325164 98778 7834803 7164298 2375044 5136730 388679 2835180 1633398 6953021 4416024 4176397 5148017 3172009 9039 2791574 4187884 2649214 3028528 583153 7589450 7461989 1685003 8088000 3407208 4335130 6311793 6339600 7697793 6045645 438910 3049864 2058255 80052 6888928 183693 5260685 7654363 877196 2911005 5989413 3562983 6134372 2102888 5740752 7103889 4184989 1555317 4687790 3567107 5100873 1930481 4651109 934838 377774 3227256 3983747 5225093 1916416 7451594 2975548 4853498 6149841 4734341 8091971 1227770 5588166 805998 1074382 4563732 7610864 3524359 131687 4828059 2985637 3745297 6374747 820574 6875687 810241 5952980 3550861 3118515 263526 351299 2555428 887027 733895 2472669 3785491 7926639 3957220 1979288 238709 3216349 5848447 1176667 3837487 4741894 2316139 1499614 2328874 4287728 7683056 6779564 4707658 6803980 430587 2094086 3996330 1022062 5739065 6865503 3005400 3391152 412144 6186356 4400799 498380 5485226 8188706 1473345 5451024 8171426 2652629 6702640 7711661 1501338 3764081 6172501 2764731 170372 5140251 7433366 4563986 6062402 4044822 460713 6226954 5108265 8285225 6612532 5660655 7363793 3669288 5347272 7452683 4132824 4603452 1476935 5473017 6815119 2523285 2375514 7689025 4926740 2892174 6669556 679298 2223385 958883 8337737 1341212 7047394 8232671 1363883 2466628 5143457 6984545 1650808 3596599 8170706 7177958 8195464 179941 2940257 3994763 4136875 4658492 4653157 6565937 2440359 4258133 308302 4237659 6968926 2733272 4390116 1416206 3077080 2097191 4623741 2727242 3585094 951416 4032550 513492 435167 3140217 5424602 3687192 7689805 5533962 492321 6447936 4196210 3789577 1317179 4056808 996591 5814230 8248681 5619659 5189747 1474993 3885572 7942437 6498769
S3 57f0ea97c58c0c570d05d4e68e966a656bc2a858307c3b9bd0664316d70fdc4e85d4 6743160 4690371 2779858 5439343 6133410 8145656 8025086 8145688 3350801 1311029 250475 7504443 3019930 2043700 3642986 5033875 4488824 4774052 1539801 6778302 2853891 3603035 8272838 6869182 3884155 4757058 6556991 883330 3527524 2545704 5222306 8148225 6003375 1261040 6328980 6310313 548300 5483077 3451662 2028384 2969828 5045585 4605714 2079306 4314201 5582531 2356036 387770 1306984 3329594 5880702 300867 2734271 2212828 2992978 1621373 2163930 5454411 7909935 2796411 3031330 1837827 4474908 8286386 17701 6029038 8147707 7170950 5367170 4719767 7568792 3598138 6129297 7270360 5615651 3770198 8073093 5355842 4698212 3435284 4942458 4707898 1309864 292296 7807907 8269829 3481494 7530243 6952643 4346701 5897778 4097558 1403635 7037999 6622769 6601513 4661461 7099132 3741570 2005091 5780168 7388319 6097041 4852957 4736754 1203100 7960510 4295959 3117947 7253514 7303499 7450128 4973765 2941151 7735567 2504444 4816432 7900075 4159929 1858199 172 631474 2366416 2844976 3942245 7747385 2390523 6722855 6369433 7170588 3092194 4985429 8281205 6874006 2573321 1811620 4696148 6130083 810498 6361629 3528388 4596688 140202 4783904 7929599 7868307 2171305 828887 2176649 4773427 4812177 7200502 923739 6443855 4223808 4185448 7385656 1829070 4536974 1192815 3001731 1475120 2328821 4797297 413962 5007138 6125196 6818750 7129150 1672926 4944004 6223349 498261 5293517 3171692 819193 1418296 4819197 7812441 6352343 3020861 5385130 7686034 762922 2893926 1401175 2976993 5422181 7436267 2791103 5919366 3860983 5989504 7930117 4572480 1631881 7604968 1749697 498499 8155467 3671745 3625448 1654235 6275532 7523756 845641 2409551 124991 6031614 532684 7188487 1678485 4608384 474072 3443898 1352709 2670387 6152114 253494 5818173 2832409 1025166 295213 2913926 3201218 1730275 7238917 4239879 3618566 7459773 7993239 6750344 7281504 8332582 5247030 7197243 3600997 3981391 3522875 133476 6462511 2133116 5904275 6073672 5986709 1021617 3145494 6118205 7029184 7770203 5396651 6708911 2790687 2956579 3483945 657866
S3 6a1f0411b39d35e5ed9d3e2d1dc9d7720bb1e71ac1d8c85d6a13748ec6d6dd307fd3 393321 3348329 5118440 2099327 6226222 3947018 6304991 584837 3284343 7597283 1287562 5084564 2173659 4773167 7709531 2161885 804318 7631721 1269009 5205118 1938693 417200 5312896 2862057 2303529 2043681 2739048 3230690 2433479 2270403 5286724 840993 1647574 283560 4014519 7934400 5817389 1646223 8376086 8229825 4606008 6093891 899120 6371297 6266414 3619476 44594 4281248 7646800 7210083 7812069 2059791 5528709 4364410 6538419 2394587 4411114 6910273 1799212 7517325 1534388 7182647 3762395 7277610 5822405 6512723 2615093 4943349 2567818 7843671 3088001 2896856 6435329 6240933 6664383 5731381 580710 4127754 702374 7395205 6631176 5636230 3244078 8173069 4344886 2192603 2353141 2155149 3866731 4886527 5164251 3805365 4612508 3655669 5768502 3402543 8169037 4564860 2665399 8237456 82674 6121655 5825128 6875597 5837091 6307084 1550833 7565969 4754082 6915336 4573485 385629 639789 984716 6703725 1755655 3775091 3635441 4881408 6754050 4451741 3662962 6636847 8121151 1920116 2270694 7484442 8290042 1270868 333592 5358869 794208 5211617 4717750 1156499 4224404 671492 6779741 3282714 526199 4417235 5850658 3533109 4836165 917688 5592919 2270038 6616525 7140871 6889878 5740206 4069797 1459802 2295703 1926567 8131992 3536791 4750050 524540 8268096 3544200 4279367 3738227 7637025 6643178 3447953 433447 928026 4842847 7482269 6967677 5545932 4663077 4133962 898409 7619170 2789934 5730117 1572347 7755958 1142081 1783719 4607904 4775160 1193954 5232626 6847438 4966274 6251576 4621050 4959972 6612795 1319004 7406877 2215181 7382885 5462590 1683791 199290 7358910 4143206 1789106 469979 1779986 7480374 4903313 5462389 7363991 3435405 4964284 5223480 1290936 6566310 3978459 4259974 953014 3589688 4223171 2048239 3410434 1057717 2844839 1961390 6893392 1072551 954453 2201633 7838882 7064586 4188757 7999359 5441550 733359 761345 5645110 4431158 5452405 3528464 4792749 5125317 2999491 1607772 1214908 6026246 2130464 1470212 143263 6311732 5707781 917768 8056705 5117131 20503 1834314 2968382 8044613
S3 c74f043d17d32681bb0e9e480122bb76fda4dbdc21d0d571f9fc499b471fc0a5703a 4703968 4170751 4182586 7986706 3447847 981246 2856609 1765598 3344662 8076051 314152 7602371 8327466 4188467 6211521 6330252 6917591 727404 6510010 4948321 6022332 7811064 3362011 1636736 83618 6309581 1994898 6496533 1698598 1122706 2109755 2482723 83804 100736 4641629 6350331 5179908 3776692 1825919 4000485 1810919 7491562 2773139 149884 2008999 6485521 908867 525510 2897211 5313539 2553311 3723771 1292110 6640254 6431031 5321288 2078421 6008229 2700658 6443915 8018762 5119036 309483 5954918 8193522 7746178 1167778 7266107 745259 7174570 2000621 7500348 279246 583974 2656054 5626990 1072600 7444284 4192305 410779 6706143 5127355 7101008 3668096 1758642 1360360 5718887 8361831 7457377 5880827 1736837 4834351 2264273 5097132 2959240 4702886 4944158 1011026 4411709 2140610 7808734 8117118 7342758 7037125 4285577 5833695 3859877 386504 3736529 6832583 7681395 1801829 7081353 6879387 2919012 2620500 2164476 1143855 6117254 5968519 6851482 3361731 2176050 85923 4477102 3822089 1029501 3555815 3172660 517099 1637121 4150319 5194657 2359247 2979497 6493856 6820902 7922015 4447936 61186 5021849 6269412 727317 3618972 2936719 7983942 8100308 7962583 4685481 1173918 7017494 8265539 5993469 1096066 5917496 3706279 4347065 1462899 2063275 866663 5684500 6418347 1727372 3307159 4621677 4294906 4320247 7469392 7121838 1467721 7207504 2843556 6535325 3350092 4080175 225047 1609309 5708177 6535447 734031 7667820 991610 5044791 3368924 6501027 1511012 6113697 2604258 5989228 5516500 3098641 4015868 3277253 4147527 98455 5981718 5530404 231858 2161976 1418801 2467688 904024 7469522 3127108 5515738 7694043 6697376 2370600 1042961 7853371 4084402 5339286 762806 1583573 6335766 2058961 4710979 1856272 2495749 6280946 1882321 5704714 6948520 5739230 4242754 81390 6241221 6397293 6888856 2006295 1130087 6283474 6665156 2880517 5867758 7740632 987201 3357696 7659234 6945259 1444891 6344116 6844730 781564 1100815 6966405 1396136 1764240 7449374 1473501 2995302 6645887 5696248 6208161 3945542 7156774
S4 949ea02bad615bf2291a1f8b961d71faedc8a2f663bb30d8b2ea9a36ec07bd1fb3ffb30c7c4cb64b1475de43ee9395416a3f74a6dc7e1ad2b23e6515029303bff37f 8380414 8380415 4 8380415 0 8380413 8380415 0 1 8380416 2 3 8380415 8380416 4 8380416 2 3 3 2 4 8380413 8380416 3 8380416 3 8380414 1 2 2 8380413 8380413 3 0 8380414 2 3 3 8380414 2 8380415 3 4 4 8380413 8380415 1 1 3 1 8380416 3 1 8380414 8380416 1 8380415 8380415 8380416 8380413 0 8380413 8380415 8380415 4 8380413 0 1 8380414 8380416 0 0 8380415 8380416 8380415 0 8380414 8380416 8380415 8380415 8380415 2 8380413 2 3 2 0 8380416 0 2 3 8380413 8380415 8380413 8380413 3 8380415 2 2 2 8380416 3 4 0 0 0 4 8380413 2 8380416 8380415 8380414 8380415 8380414 3 0 0 1 1 8380414 4 8380413 8380414 8380413 2 8380414 8380415 8380415 0 2 8380413 4 2 8380415 8380414 4 0 0 4 3 8380416 8380416 2 8380413 8380415 8380414 1 2 0 0 8380413 2 8380414 1 8380415 1 2 1 4 0 8380415 8380413 0 1 8380414 8380414 0 4 8380413 3 8380416 8380413 0 4 8380414 2 4 0 2 8380414 8380413 8380416 3 8380416 1 8380415 4 1 1 8380415 1 0 8380416 8380413 8380416 8380414 8380413 1 0 0 8380415 8380414 8380415 3 8380414 0 1 8380414 8380414 1 0 8380416 8380415 3 1 2 0 0 1 8380413 8380414 8380414 8380413 0 8380416 1 1 8380416 8380416 8380415 1 8380416 8380416 3 3 4 1 3 0 4 8380415 8380413 3 8380415 0 0 8380414 1 4 1 1 8380414 0 8380413 0 8380416
S4 d652794fc107ce701b2b580a645e52cb78b161da3bf580a283e0c6d0df95396c487586aafb2ea813d2075543c82e53ed63dcf99a181941155b301819f9d80dbe48e3 2 3 2 3 8380414 8380415 3 8380413 8380416 2 8380414 8380415 2 8380415 4 1 2 8380413 0 4 8380415 8380414 8380416 8380413 2 8380415 1 8380416 3 8380415 2 0 8380415 8380416 1 8380415 1 3 8380414 4 8380413 4 8380414 8380416 0 8380413 2 8380415 8380416 3 8380414 3 3 2 3 2 0 8380416 3 1 1 8380416 4 2 3 4 8380415 3 1 4 8380416 8380415 3 1 0 2 1 4 8380416 8380413 1 8380413 8380415 4 8380415 4 2 3 8380416 3 8380413 8380415 1 3 8380413 8380415 2 8380414 8380414 2 0 3 8380416 3 8380413 3 8380416 3 0 4 0 8380416 0 8380416 8380416 0 8380413 4 4 3 4 8380416 3 4 1 8380415 8380414 4 8380416 0 4 0 8380414 4 8380414 0 8380414 8380415 8380415 8380415 2 4 8380413 1 8380414 8380413 1 2 1 8380416 8380413 1 0 1 8380415 8380413 0 8380416 3 1 8380416 8380414 0 3 4 2 2 1 3 2 8380415 8380414 0 1 0 8380415 2 8380415 0 1 8380413 8380413 8380416 4 2 8380416 8380416 3 8380415 2 3 8380413 3 8380414 2 4 8380413 8380413 1 2 1 8380416 1 8380414 3 8380416 0 8380416 8380414 8380413 8380414 8380413 8380414 0 3 3 1 4 0 0 8380415 0 1 8380414 1 3 1 1 4 2 3 4 8380416 0 8380415 2 8380416 8380414 8380413 2 0 8380414 1 8380414 8380413 0 1 1 1 0 8380416 8380416 8380413 0 8380413 2
S4 858182723167c61d3f10e7ff4f3e5a50ee85f3bc0aa8e63bcf67034b64be6a496c4522f59c65c5699c550d862eb008b717697a03055ce7f767171848fe0a44a3c7c8 8380415 8380415 2 3 4 8380415 2 0 0 0 8380413 8380413 2 8380414 2 8380413 8380416 8380414 8380414 0 0 0 8380414 2 0 8380414 8380414 0 2 3 3 8380414 8380414 1 4 0 8380415 8380413 1 8380413 2 2 8380414 4 4 1 1 0 8380416 4 1 8380416 0 3 8380416 8380414 8380416 0 2 8380414 8380415 4 8380413 8380414 2 2 1 4 0 8380413 2 8380415 3 4 2 4 1 8380416 8380415 8380414 8380416 8380415 1 8380413 2 1 8380416 0 1 3 2 8380415 0 1 8380413 8380413 1 4 8380416 8380414 1 8380413 3 1 8380416 8380415 4 3 4 8380415 8380415 8380414 8380413 3 8380416 8380414 8380413 2 8380414 3 8380416 8380416 8380416 8380415 8380416 1 3 2 0 8380416 3 8380414 8380416 2 3 8380414 0 3 8380416 8380415 8380413 8380414 3 4 2 8380416 1 3 1 0 4 1 8380414 1 2 0 1 8380416 8380414 0 2 8380416 8380414 8380416 8380414 8380416 8380413 8380416 3 8380414 8380416 8380415 0 8380413 2 3 0 8380413 8380415 3 8380415 4 8380416 0 8380415 4 1 4 8380413 4 2 0 4 2 2 1 1 1 0 3 8380416 4 4 2 8380413 4 2 1 8380416 8380416 3 1 3 3 2 2 1 3 2 8380413 8380416 8380415 4 8380413 8380416 2 8380413 2 0 2 8380415 8380414 2 8380415 8380413 3 8380413 1 4 1 8380414 8380416 4 8380413 4 8380416 3 0 8380415 8380416 1 0 8380416 8380415 2 2
S4 9486918fdae17651019fb5191eeb6b41c6422c08dfb7ebecdd620834638156da6b1b8faf0749b3567063a388a9305a3ee18c407a475a758342f3b537a9b3aa9aa892 8380415 1 0 8380413 4 0 0 8380413 8380413 8380415 8380416 2 8380414 2 0 8380414 8380416 8380414 8380416 3 8380415 3 2 2 3 2 8380413 1 8380416 8380415 4 8380413 8380414 8380414 3 8380415 8380416 8380414 8380414 3 3 8380414 0 0 1 2 2 8380413 1 8380414 1 8380413 1 8380415 8380414 2 0 2 1 4 8380415 8380413 1 0 1 1 8380416 8380415 1 2 3 3 8380413 4 8380416 0 0 4 0 2 3 3 0 1 8380414 8380416 4 3 1 1 8380413 4 8380416 1 1 3 2 1 4 1 8380414 0 8380414 4 8380415 8380416 0 2 8380414 8380416 8380415 8380413 1 4 2 0 0 2 0 0 8380416 8380414 1 4 0 8380414 8380414 8380416 1 8380413 8380415 0 0 8380414 8380414 3 8380415 1 0 8380413 2 8380413 8380415 8380415 0 8380414 0 4 1 8380414 4 1 8380414 8380414 1 8380413 0 3 8380416 1 8380415 8380416 0 2 3 1 3 2 0 4 4 1 8380414 4 4 1 4 8380416 8380416 8380413 1 4 3 8380416 0 8380416 0 8380414 3 8380413 8380415 8380415 2 3 4 8380414 0 4 8380413 4 4 8380414 8380415 8380416 1 0 0 4 8380414 8380416 3 8380415 8380413 1 2 8380416 4 0 4 0 2 8380416 0 8380414 8380413 8380415 8380415 2 4 0 8380415 1 2 0 4 8380414 8380416 3 8380414 1 4 3 3 8380416 0 8380416 8380413 8380414 8380413 8380414 3 1 8380415 0 8380414 8380414
S4 2bd6922fdab26a9348acc76c2efb4323d2ade16aebac330e7a10049668a22965087238fbee668352ab8a780cd829d8cac8628233668b1ac787e2c9a41fd345880e33 3 0 2 2 8380416 1 8380414 8380414 8380416 8380415 0 4 8380415 4 8380416 8380414 8380415 8380414 0 8380415 8380414 8380414 8380415 8380414 4 2 3 8380416 8380414 8380414 8380416 4 8380415 3 8380416 8380413 4 2 8380414 2 0 4 1 2 2 8380413 4 8380415 4 1 2 3 3 0 1 8380415 8380415 8380414 8380415 3 8380414 3 8380413 0 8380415 1 0 8380414 0 8380414 8380414 0 3 8380415 8380414 8380415 3 0 8380416 3 3 1 8380415 2 8380414 8380415 8380413 8380415 8380414 3 8380416 8380415 0 0 8380414 4 3 3 1 8380415 8380415 8380414 1 8380413 8380413 8380415 3 2 8380414 8380414 8380415 2 8380416 3 8380416 4 4 8380416 3 1 8380414 8380416 4 0 8380414 2 8380415 2 8380414 8380413 2 8380416 1 1 3 8380413 8380416 2 8380414 8380415 4 8380413 2 8380416 8380413 8380415 8380416 1 1 8380416 3 8380413 0 2 8380415 8380415 8380415 1 0 8380414 1 4 8380413 8380416 2 1 8380414 4 8380413 8380416 0 4 0 8380413 1 8380415 4 8380413 8380413 0 3 2 8380415 2 3 0 8380413 8380413 0 8380416 8380414 8380415 4 1 8380416 8380413 8380416 8380416 2 8380416 0 3 8380415 4 8380413 0 8380415 8380415 2 4 8380413 3 8380413 8380413 0 1 3 3 8380414 0 3 3 8380413 8380414 1 0 8380415 2 1 0 3 8380414 2 3 4 8380414 8380416 2 0 4 3 2 8380416 1 8380415 3 8380415 8380413 0 8380414 3 8380414 8380416 8380416 8380415 8380416
S4 708ce20a6e4628b958f2bc975b0bd870806c54b9ed5eecd0a17df4b43c9c9c4e0fab20bd41097355c7a3d5b63249e4eb7950e988145f337f6627163f4c7a5474a6e6 3 8380415 4 8380414 0 8380416 0 0 8380415 0 1 1 1 4 1 3 2 3 0 1 8380414 2 3 8380414 8380413 1 8380415 4 8380414 4 2 8380416 0 3 8380415 3 4 0 2 2 0 3 4 0 3 1 3 8380416 8380413 4 0 8380416 8380415 8380415 8380416 8380416 3 8380415 0 8380415 1 1 8380416 8380413 8380415 4 1 0 2 4 1 4 2 1 8380416 8380416 1 4 2 4 1 2 8380415 0 4 1 8380415 8380415 4 4 2 0 8380414 8380414 8380413 1 0 8380414 2 8380414 8380416 4 0 8380416 8380413 8380415 3 8380414 8380414 4 8380416 8380416 8380415 8380415 1 3 8380413 4 8380416 8380416 8380416 1 4 8380414 1 8380416 8380414 4 3 1 8380414 4 8380415 2 3 8380416 8380414 2 8380415 8380416 8380413 0 2 2 8380414 4 0 4 4 8380416 8380415 8380416 8380415 8380415 8380413 8380416 2 0 2 8380413 0 8380416 1 4 2 1 8380416 4 8380415 2 1 1 0 8380413 1 0 8380414 8380416 8380413 2 8380414 8380415 8380414 3 2 2 1 2 8380414 0 0 8380414 2 3 8380414 8380414 8380416 8380413 8380413 1 2 0 2 8380415 4 2 4 4 8380416 4 0 0 0 8380416 0 8380415 0 8380416 3 2 8380415 4 3 4 8380416 8380415 1 8380413 3 8380416 2 2 1 8380415 8380413 8380415 8380415 8380413 8380413 2 8380413 4 2 3 1 0 8380415 4 8380413 0 4 8380416 2 8380413 8380414 8380413
S5 d3b46fe16c93d7c15efd1c3630c31950036b70f396c4ad6ecd13a99887064ae9beced6f072352d8704a2be9b5e0b8cb9 0 0 0 8380416 0 0 0 0 8380416 0 1 0 0 0 0 0 0 0 0 0 0 0 0 0 0 0 0 0 1 0 0 0 0 0 8380416 0 0 0 0 0 0 0 0 0 0 0 0 0 0 0 0 0 0 0 1 0 0 0 8380416 0 0 0 0 0 0 0 0 8380416 0 0 0 0 0 0 0 0 0 0 0 0 0 0 0 0 0 0 0 0 0 0 0 8380416 0 0 0 8380416 8380416 0 0 0 1 0 0 1 0 0 0 0 8380416 0 8380416 0 0 1 0 8380416 0 0 0 1 0 1 0 0 0 1 0 0 0 0 0 0 0 0 0 0 8380416 0 8380416 0 0 0 8380416 0 0 0 1 8380416 0 0 0 0 0 0 8380416 0 0 0 0 8380416 0 0 8380416 0 0 0 0 0 0 0 0 0 0 1 0 0 0 0 0 0 0 1 0 8380416 0 0 0 0 8380416 8380416 0 0 0 0 0 0 0 0 0 0 0 0 0 0 0 0 0 0 1 0 8380416 0 0 1 8380416 1 0 0 0 0 0 0 0 0 0 0 8380416 1 0 1 0 1 0 0 8380416 8380416 1 0 0 1 0 0 8380416 8380416 0 0 0 0 0 0 0 0 8380416 0 0 0
S5 a174df797e4751cd124887f7b1dc1539e55c9c77eb2848e7c8ecc49899173a0bd51ddecba004dd5f32e422b359871d5c 0 1 0 0 0 1 0 0 1 1 0 0 1 0 0 0 0 0 0 0 0 0 8380416 0 0 0 0 0 0 0 0 8380416 0 0 0 8380416 0 0 0 0 8380416 8380416 0 0 0 8380416 8380416 0 1 0 1 0 0 0 0 0 0 0 0 0 0 0 0 0 0 1 0 0 0 0 1 0 0 0 1 0 0 8380416 0 0 1 0 0 0 0 8380416 0 0 0 0 1 1 0 0 0 0 0 0 0 0 0 0 0 0 0 8380416 0 0 0 0 0 1 0 0 0 1 0 0 8380416 0 0 0 0 0 0 0 0 0 8380416 0 0 0 0 0 0 0 0 0 0 8380416 0 0 0 8380416 0 0 0 1 0 0 8380416 1 0 0 0 0 0 0 0 0 0 0 0 0 0 0 0 0 0 1 0 8380416 8380416 0 0 0 0 0 0 0 0 1 0 0 8380416 0 0 0 0 0 0 0 0 0 0 0 0 0 0 1 0 0 0 8380416 0 0 0 1 0 0 0 0 0 8380416 0 0 8380416 0 0 0 1 0 8380416 0 0 1 0 0 0 0 0 0 0 0 0 0 0 1 0 0 8380416 0 0 0 0 0 0 0 0 0 1 8380416 0 0 0 0
S5 96f2cf4bed214ea8a893b66cb3c4e332d86c71fd3c6524dab7c8f8e0f79579e2941776a3e6f0f866edf0243d7d04954a 0 0 0 0 0 0 0 0 0 0 0 0 8380416 0 8380416 0 0 1 0 0 0 0 1 1 0 0 0 0 0 0 0 0 0 0 0 0 0 0 0 1 0 0 0 0 0 0 0 0 0 0 0 8380416 0 0 0 8380416 0 0 0 0 0 1 0 0 0 0 0 0 8380416 0 0 0 1 1 0 0 0 8380416 0 0 0 8380416 0 0 0 1 1 0 0 8380416 0 1 0 0 0 0 0 0 1 0 0 1 0 0 0 0 8380416 0 0 0 1 0 0 0 0 0 0 0 0 0 0 1 0 0 0 0 8380416 0 0 0 0 0 1 0 0 0 0 0 0 0 0 0 0 1 0 0 0 0 0 1 0 0 0 0 0 0 8380416 0 0 0 1 8380416 0 0 0 0 8380416 8380416 0 8380416 8380416 0 8380416 0 8380416 0 0 0 0 0 0 0 0 1 0 0 0 0 0 0 8380416 0 0 1 1 0 1 0 0 0 0 0 0 0 0 0 0 0 1 0 0 0 8380416 0 0 0 0 0 0 0 0 0 0 0 0 0 8380416 0 0 0 1 0 0 0 0 0 0 0 0 0 8380416 8380416 0 0 0 8380416 0 0 0 0 0 0 0 1 0 0
S5 4f505c48e09d97cae57d8ea6e206a6e916806ffc35678bf313fa97316746847e1182a76edc09e8ce331c14236e162630 0 0 1 1 0 0 0 0 0 0 8380416 1 0 0 0 0 8380416 0 0 0 0 0 0 0 0 0 0 0 0 0 8380416 1 0 0 0 0 0 0 0 0 0 1 8380416 0 0 0 0 0 8380416 0 0 8380416 0 0 0 0 0 8380416 0 0 0 0 0 0 1 0 0 1 0 8380416 0 0 1 0 0 0 0 0 0 0 8380416 0 0 0 0 0 0 0 1 0 1 0 0 8380416 0 1 0 0 0 0 1 0 0 0 0 1 0 0 0 8380416 0 1 0 0 0 0 1 8380416 0 0 0 0 0 0 0 8380416 0 0 0 0 0 0 0 0 0 0 0 0 0 0 0 0 0 0 8380416 0 1 0 0 0 8380416 0 0 0 0 0 0 0 0 0 0 0 1 0 8380416 0 8380416 8380416 0 0 0 8380416 1 0 0 0 0 0 0 0 0 8380416 0 0 0 8380416 8380416 0 0 8380416 0 0 0 0 0 0 0 8380416 0 0 0 0 1 0 1 0 0 1 0 0 0 0 0 0 1 0 0 0 0 0 0 0 0 1 0 0 0 0 0 0 0 0 1 0 0 0 0 0 0 0 0 0 0 0 0 0 0 0 0 8380416 0 0 0 0 0 0
S5 feeb8ba35573522be378c045ba284345815721d435fa66c24f5b81114edc6b5a7afbf5eb27a80ec07a3ca21caeddc327 0 0 0 0 0 0 0 0 0 8380416 0 0 0 0 0 0 1 0 0 8380416 0 0 0 0 0 0 0 0 0 8380416 0 0 0 1 1 0 0 8380416 0 1 8380416 0 0 0 1 0 1 0 0 1 0 0 0 0 0 0 0 0 1 0 0 8380416 0 0 0 0 1 0 0 0 0 1 0 0 1 0 0 8380416 0 0 0 1 0 0 0 0 8380416 0 0 0 1 0 0 0 0 0 0 0 0 0 1 0 0 1 0 0 0 0 0 8380416 0 0 0 1 0 0 1 0 0 8380416 0 0 0 0 0 0 8380416 0 0 8380416 0 0 0 0 0 0 1 0 1 0 8380416 1 0 8380416 0 0 0 0 0 0 0 0 0 0 0 0 0 0 0 0 8380416 0 0 0 0 0 8380416 0 0 8380416 0 0 0 1 1 0 0 0 0 0 0 0 0 0 0 0 0 0 0 0 1 0 0 0 0 0 1 0 8380416 0 0 0 0 0 0 0 0 0 0 0 0 1 0 0 0 0 0 0 0 0 0 0 0 0 0 0 0 0 0 0 0 0 0 8380416 0 0 0 0 0 0 0 0 0 0 0 0 0 1 8380416 0 1 0 8380416 1 0 0
S5 daa6427d76ba5e43080fd4894b9316ab95b195d335b938828a2868b0393b8af6cd269c3ccb3493f84b4c5beb0d1825cc 0 0 0 0 0 0 0 0 0 0 0 0 8380416 0 0 0 0 0 0 0 0 0 0 0 0 1 0 0 0 0 0 0 0 0 0 8380416 0 0 0 0 0 0 0 0 0 0 0 0 0 8380416 0 0 8380416 0 8380416 0 1 0 0 0 1 0 1 0 1 0 1 1 0 0 0 0 0 0 0 0 0 0 0 0 0 0 0 0 0 0 0 0 1 0 8380416 0 0 0 0 0 1 0 0 0 1 8380416 1 8380416 1 1 0 1 0 0 0 8380416 1 0 0 1 0 0 0 0 0 0 0 0 0 0 0 0 0 1 0 8380416 0 1 0 0 8380416 0 0 1 8380416 0 0 0 0 0 0 0 0 0 0 0 0 0 0 0 0 0 8380416 0 0 0 8380416 0 0 0 0 0 8380416 0 0 0 0 8380416 0 0 8380416 8380416 0 0 0 0 0 0 0 0 0 0 0 8380416 0 0 1 1 0 0 0 0 1 0 0 0 1 0 0 0 0 0 0 0 0 0 0 0 0 0 0 8380416 0 0 0 0 0 0 8380416 0 0 0 0 0 0 0 0 0 0 0 0 0 0 0 1 0 0 0 0 0 0 1 0 0 0 8380416 1 8380416 0 0
S6 d08a079e8d2635bc9540a48f27ea7aab21788c2214bf13306f1ca5e97f9403f6a109608d0c7b6471f157e86bf69bae3185b95c48dd5bc602061d1e1c849d80990000 8161502 7857630 194574 70526 8126557 8357141 293394 8292729 8371295 8241862 512826 7959941 274064 271023 8041631 73127 353027 8189662 35914 31412 426733 290985 387642 7940720 36196 331319 42685 435691 419710 347128 28677 8170502 7983939 502427 30789 8363408 8136614 8240308 8064277 7952383 7926342 356561 8045775 432892 8227867 398604 8206933 488499 8155202 7891157 8206636 98256 7957027 135603 227258 7971036 8235888 260936 92263 403348 7906997 8099516 8233243 8286441 8081285 8197917 8356654 503471 502513 431800 8167824 210362 7912092 8295443 429158 459242 389037 8172896 431082 326742 8048204 453589 7882674 109825 7877160 186285 472895 57993 7938756 7908378 7885374 7984248 8334800 8108057 8190690 8306727 190820 218104 7950945 8037687 8301410 7903533 8129818 208422 82624 271283 80048 475281 8330436 176077 8258906 8086786 8026980 214347 8088923 482299 8024555 8172483 8017637 8145646 8072655 487719 441599 8350132 124744 344609 7937872 8084447 414189 355837 7907788 7984519 8222530 8190181 8086207 8266631 279256 188090 265331 182625 19069 360002 18827 439225 8353633 214751 437735 54327 8315957 306861 259946 494238 8069751 8049459 80057 137443 8240803 8217642 75362 8273661 8097729 477553 7900038 419431 417463 385691 304240 7918710 463729 220043 441597 384901 8339392 8018569 8250032 8306485 98032 212332 8238027 344535 7978704 332825 8057857 8069891 8006583 8094218 8187149 392228 112124 8027534 8370504 239594 8325406 36353 7947236 161967 408058 8216340 7999815 8334405 243564 7903882 8209865 185731 8284423 250046 272331 7962116 7937634 8111140 8004976 7970061 264095 8335571 499760 509908 8222595 7877001 8309894 8260574 8010732 4248 513012 194851 446682 249838 8147885 100170 283992 8261138 459202 252834 313084 8083641 103771 8019413 49757 410839 8102741 307016 344022 8365436 7913670 94092 421079 7976807 477183 7960802 68964 290967 14418 7988925 414372 8059351 309132 7857652
S6 70c47c77d3c8d220e5a650515fdf66d2122d108e564669647da9e03d8e89bb038dea987d2b443e96724dbe41be1d58f133a5ae0d472debcdee613381df2ee0600100 8277635 365087 7992129 7970143 8097682 314264 8267025 8071037 8267969 8090902 7887408 7879028 7875911 159584 8375488 7930820 8262989 8288229 7974120 8210690 63547 69539 7927462 8167819 8050389 37883 87347 129753 345965 179014 8278161 8052378 7955857 8180972 389536 8213049 8318973 7895656 7994196 8263691 5355 7969590 7959150 132332 7976481 8263820 340043 7866943 350320 294254 102816 361064 8294124 296474 458508 8140654 8257956 396481 463368 8379955 28357 7857265 8352316 7931263 295853 8356696 229588 8005921 7876154 404713 214545 8063937 60752 2669 47276 405137 8311787 7915379 303918 7894576 21711 400475 8125473 494169 20435 7904135 8266434 52131 371132 7920687 333189 7897162 279043 94810 8152333 8037873 14832 8066249 169670 512695 7999044 177733 332884 7991862 8261410 496245 64534 8214421 8172559 7898762 8363847 8111997 7960259 8194408 8281156 7911016 473279 56871 472244 280165 8265958 8206312 8139146 8003806 8067886 400131 8206636 477873 8219497 8001945 322507 347408 7978540 8178391 245463 2864 8296113 8095540 260497 285642 7877998 8172308 8351859 427827 8205886 8235422 111485 493111 390591 8194261 76075 8001926 8004529 8132031 8100751 378646 256554 8165075 8063785 7882871 342423 8186080 321237 74343 89551 208724 46200 257736 136112 8143069 475464 8265930 160112 64949 277820 439353 8157960 8138278 486640 503203 260380 354332 7857780 452805 8029278 8351121 54421 8301516 182631 7942628 182415 143776 494647 446784 8237042 327712 334120 33107 8325335 7957637 420039 8250773 253723 7952721 8362972 8050567 8062092 8317014 8226426 8229398 8204994 7889539 8197210 1809 8156806 516410 348548 179502 388156 371517 442773 351769 216793 7888306 7920866 381832 85558 337113 221061 272062 7991079 433272 286315 377592 7947255 8237474 92455 149219 395089 8046653 310876 340099 8279820 383182 7914353 296798 8143998 8149128 8355237 86730 7981712 403382 7857878 486385 8274595 514497
S6 d1b873a7a72efc0d898b9c64345fc68b2c62061e6aa1bdbb3875e8952016566b195079a9353c5bee23d235d92765c32c80324583db4e80cf227e5de3dd84f5460200 8046028 394818 439058 328932 505403 8048106 195696 452789 7887888 308632 8122486 60168 8346854 8235330 77982 189344 8101144 7930043 313487 353123 8182406 8107797 364717 314377 171587 7973259 426956 331251 9861 7975797 8364868 403867 7969994 297800 507656 367657 7856630 7913495 7893107 8319527 8002800 39017 134098 8313629 70643 8368043 8142922 309552 8197398 70698 379834 8001301 348899 443550 8080197 393020 389323 403898 8334816 8285891 262589 8270333 8334483 315315 7924591 8284177 171196 7979657 7878869 7981973 58234 449033 8263328 257794 8088676 7941046 8367169 8270896 232248 7965576 86933 126682 8086134 8127627 43917 8218768 211963 8120769 383070 62759 96004 47439 420475 489144 8209179 388989 266661 41740 8132095 410120 8177071 4131 8001422 505868 445901 8316715 33373 8113878 59094 8166124 492526 8048496 8149416 7898329 8026354 8129898 8083323 8217826 517525 8120210 8172238 8184328 147175 420431 8011002 343498 485070 499346 7886873 22362 8302256 521603 297814 342792 201080 8010035 388718 8053512 8356121 518709 8158843 337718 309260 305850 19355 202490 8337539 460945 8265522 5958 412745 511231 8338003 115738 7984495 245732 159510 503845 87057 134228 8050893 340939 8286645 485425 16863 221151 7866539 258318 504700 4992 8296433 7982387 8290899 439764 302180 506443 387423 349488 485609 8167114 8323996 7992781 7924372 409642 8252330 8033255 114617 7868490 8056369 7969582 7942890 329032 471574 8109595 7890043 8057462 7954845 129053 117575 331870 450530 1322 7909067 454437 408412 7986822 8350497 8377723 8342359 8135416 413633 397320 440849 405424 72014 231718 20706 187463 8061977 143560 520687 330421 8150540 8262301 368836 7998694 8059265 331804 517928 328607 8175831 96386 180712 206299 498451 7956306 236053 8063556 459697 7912328 356227 110174 8279751 7938184 498219 64950 8092816 470333 414003 35307 242635 228477 8312024 45169 8069272 58209
S6 96200e16d5cffd2003c733fe9fce31187120db4664e935d5b0e7590dde5964efbca75f9c711fe641eb129c92bca5f6e887f96c7f0d4a081780260a3b0a8b11c00300 7973039 275530 13330 71655 8221784 8264587 455485 387516 520729 8051697 68095 388504 8313011 357766 417 189073 7976844 8092436 8304407 100674 8297514 7922545 297692 8114263 256560 429645 8124195 8080337 8303283 134285 8348910 8359328 324230 7920014 54122 404222 516745 154552 8174128 7978273 509948 36222 6520 6939 123018 293149 7975805 8105570 7983293 478553 8195931 7893835 57332 56769 8239955 8022436 103719 234984 205006 7982684 8252453 244885 7907705 8128823 8084043 161612 8243907 461428 8064449 8320263 243477 8208301 8002282 134566 7955717 7962293 8339406 8125816 7883536 8282058 185849 8367472 407397 53355 518639 8341452 8364410 161508 512004 142671 8254758 8058845 8104227 8350560 311134 7929394 432649 8376460 8053740 12516 8244831 7933286 8280297 353967 8216004 49037 8364556 131952 245534 268049 104254 8005523 7878763 427781 7953156 511037 8129401 7929963 73065 373042 8166692 508070 225467 8187978 8122234 230768 125564 138007 7891603 144817 8265574 350131 7936487 122436 503606 339413 8152909 8166851 160633 8057349 8242070 7884152 8079465 7890348 7948846 52062 8136879 514905 353836 182770 7906817 390222 103928 117778 168118 71999 8368716 217377 8138826 8030492 418141 106268 8132316 7899254 8000292 446762 484256 7945974 178879 8000163 296730 32453 305228 7982472 7910056 395048 140356 100764 8148171 304487 394422 104733 8246202 8112932 8144158 8202257 168834 44232 8109050 76322 8063378 72365 8124926 367019 8231925 8228662 474216 140469 401327 8051438 236963 97144 8162532 8331117 7874985 433563 8166023 8142949 8273342 125049 43470 134580 466604 455042 481338 73140 362632 503024 7869484 8277886 132461 450384 470878 8198711 451309 19494 8167892 117785 295877 7963969 8082042 8109527 7923341 496005 7918408 8202333 8244566 8214143 7955685 8162948 502566 190046 520084 172403 8332858 4377 8051161 8306575 8034621 8076936 8133259 8161515 7890150 247521 7877749 8168560
S6 ff268007a774b74302c2bca5098f400ec325166f7f2c3112526bc8a98dcb7791cb2b531cec31be658e740401ae335957625ed54867cfbc6d2ebbb6fd2c43ef880400 8075470 8078230 165309 411422 438386 8025393 7919485 7887145 8033721 392741 8124638 177154 8368588 107114 8010404 454 506881 7976646 400446 7900261 8287184 311390 8082162 356651 7934681 8039297 7947986 8033168 381844 8084128 8277736 307221 498670 439285 227746 7991573 160929 334257 193678 354625 7887179 24919 282485 8002853 7877296 8082844 122922 8303760 8319151 7863393 217481 8345960 275277 29833 434498 7896038 500905 292641 7991275 481335 7900900 427710 8040609 64760 382152 309502 332510 292953 8104203 454137 162520 8352525 8130172 98521 37224 24439 7893679 7890981 183812 8330682 211127 206775 8072476 7940398 8295651 7998962 7861251 7954809 8329862 7973595 7911671 7937715 8377028 8056532 7942207 330724 8196826 8009723 237450 346504 7870 7899469 8210863 325252 8340076 8229811 201076 189308 151260 8162105 461036 64230 7948289 138972 146504 7933629 7936662 7975056 8061309 8356411 56818 258406 458226 457350 8057173 175897 33060 340529 472153 217371 19189 7989627 8200879 7935175 356663 7946902 500507 327626 8215549 8247726 514957 8259666 8305395 8088658 141103 425979 16236 467676 8026710 296582 8096820 25572 8068746 270718 152242 217016 8097602 322082 8228808 7909300 328877 8002112 15557 514663 8342363 7907008 8204781 8241098 155386 491131 466152 7888152 450981 5927 8228469 8293481 473661 8301408 62465 313186 8178142 266902 8145208 468420 290761 373260 385149 8040523 78149 8280134 507686 7930507 312301 7958192 74146 8071102 8187202 8365055 77877 17514 8291305 8289781 234975 8181726 54654 88974 61588 7922435 8355569 8064701 8075782 103770 8375754 41634 149163 7867259 7957066 8054834 8061248 8175895 7921626 8268181 8309479 8299210 8053201 417195 209299 30116 494398 8054754 8001280 8045380 7869744 418049 8104785 432598 20498 238221 8235854 395958 8285753 7902962 7966227 513992 8029363 7996159 10152 132780 65312 119277 429267 7891564 8339089 113752 404204 507456
S6 76344888eeeb3342d01f041d0c8d178b9615b8cf46fa2f8c713a351130ab6ad6cb90f4470aa012205cc19689c1213ce062a75fb003c7bc74d6756249c5837e1f0500 8088750 7967281 203773 8027644 293155 425865 43810 108950 379190 50633 7893283 8341487 8055588 61131 146500 7974585 7916514 8060173 8127900 7903378 8006131 321373 115874 328358 7939688 7936179 175453 8263873 213255 8264827 8161606 8322685 8249458 8296631 7863576 202829 8267978 7937986 198482 8148728 409731 20982 293234 8015692 487776 156004 8339878 8153681 287681 8174914 229715 438851 415998 8141071 7895359 425262 369234 8022258 3674 227809 152127 406450 219325 8333919 40633 8039551 376525 8092982 479276 487684 8221650 203209 8194551 175729 8098953 64656 8014455 323943 435566 8050936 23203 214942 184821 8011487 8089522 8098832 139317 8166851 8131343 8236690 8030464 8268839 388617 7977032 16258 369148 8369706 105789 433558 459382 397766 429152 7871646 220366 8180520 8102864 7964503 49675 511999 8250458 145814 8233974 8239159 97160 8335253 208554 8176896 255563 8222920 7888280 8199351 8341258 49772 8203463 8148801 434155 8174327 7874578 8045207 503234 8026010 7982371 8244175 7961827 506244 191716 22925 187334 412601 409650 8309799 199841 8065079 7972833 54629 21986 418681 8017028 136253 8297911 8258218 328338 8269657 245802 199180 302544 8165374 252984 8200272 500699 115153 374308 498607 8013237 402371 303232 239646 8200831 335607 482239 276608 8093409 7892010 242063 208435 201470 7891878 8018255 11466 426174 336273 241025 8036213 8369915 140795 174865 8327195 8078912 8248402 44434 8266070 6625 514129 8268833 8106642 444241 8189607 235829 218050 68276 8274998 421784 7947744 85327 222437 338921 8090778 8016393 482567 8163076 8042705 450444 7918523 7997072 5233 429878 75489 85965 143338 419528 498829 7930212 8058449 8286178 157539 219740 7924074 8293777 381864 8301273 8122017 8161382 8024743 286166 430101 8368654 8345402 7962685 363441 8085927 359103 213545 7875296 8087887 8165789 412047 8079353 172266 486477 8321957 16987 143089 108418 8117011 8272512 283645
